   4.0000000e+02   1.4823921e+01   1.4823921e+01   2.9647841e+01
   4.0100000e+02   1.4683647e+01   1.4683647e+01   2.9367295e+01
   4.0200000e+02   1.4545963e+01   1.4545963e+01   2.9091926e+01
   4.0300000e+02   1.4410623e+01   1.4410623e+01   2.8821245e+01
   4.0400000e+02   1.4277390e+01   1.4277390e+01   2.8554780e+01
   4.0500000e+02   1.4146037e+01   1.4146037e+01   2.8292074e+01
   4.0600000e+02   1.4016342e+01   1.4016342e+01   2.8032683e+01
   4.0700000e+02   1.3888090e+01   1.3888090e+01   2.7776179e+01
   4.0800000e+02   1.3761072e+01   1.3761072e+01   2.7522145e+01
   4.0900000e+02   1.3635088e+01   1.3635088e+01   2.7270176e+01
   4.1000000e+02   1.3509941e+01   1.3509941e+01   2.7019882e+01
   4.1100000e+02   1.3385442e+01   1.3385442e+01   2.6770883e+01
   4.1200000e+02   1.3261406e+01   1.3261406e+01   2.6522812e+01
   4.1300000e+02   1.3137657e+01   1.3137657e+01   2.6275314e+01
   4.1400000e+02   1.3014047e+01   1.3014047e+01   2.6028095e+01
   4.1500000e+02   1.2890660e+01   1.2890660e+01   2.5781319e+01
   4.1600000e+02   1.2767698e+01   1.2767698e+01   2.5535397e+01
   4.1700000e+02   1.2645363e+01   1.2645363e+01   2.5290725e+01
   4.1800000e+02   1.2523844e+01   1.2523844e+01   2.5047689e+01
   4.1900000e+02   1.2403328e+01   1.2403328e+01   2.4806656e+01
   4.2000000e+02   1.2283991e+01   1.2283991e+01   2.4567983e+01
   4.2100000e+02   1.2166005e+01   1.2166005e+01   2.4332010e+01
   4.2200000e+02   1.2049532e+01   1.2049532e+01   2.4099064e+01
   4.2300000e+02   1.1934730e+01   1.1934730e+01   2.3869461e+01
   4.2400000e+02   1.1821751e+01   1.1821751e+01   2.3643503e+01
   4.2500000e+02   1.1710741e+01   1.1710741e+01   2.3421483e+01
   4.2600000e+02   1.1601841e+01   1.1601841e+01   2.3203683e+01
   4.2700000e+02   1.1495188e+01   1.1495188e+01   2.2990377e+01
   4.2800000e+02   1.1390916e+01   1.1390916e+01   2.2781832e+01
   4.2900000e+02   1.1289155e+01   1.1289155e+01   2.2578310e+01
   4.3000000e+02   1.1190034e+01   1.1190034e+01   2.2380069e+01
   4.3100000e+02   1.1093676e+01   1.1093676e+01   2.2187352e+01
   4.3200000e+02   1.1000039e+01   1.1000039e+01   2.2000077e+01
   4.3300000e+02   1.0908926e+01   1.0908926e+01   2.1817851e+01
   4.3400000e+02   1.0820139e+01   1.0820139e+01   2.1640278e+01
   4.3500000e+02   1.0733487e+01   1.0733487e+01   2.1466974e+01
   4.3600000e+02   1.0648781e+01   1.0648781e+01   2.1297562e+01
   4.3700000e+02   1.0565839e+01   1.0565839e+01   2.1131678e+01
   4.3800000e+02   1.0484479e+01   1.0484479e+01   2.0968958e+01
   4.3900000e+02   1.0404525e+01   1.0404525e+01   2.0809049e+01
   4.4000000e+02   1.0325800e+01   1.0325800e+01   2.0651600e+01
   4.4100000e+02   1.0248131e+01   1.0248131e+01   2.0496263e+01
   4.4200000e+02   1.0171347e+01   1.0171347e+01   2.0342693e+01
   4.4300000e+02   1.0095274e+01   1.0095274e+01   2.0190549e+01
   4.4400000e+02   1.0019745e+01   1.0019745e+01   2.0039490e+01
   4.4500000e+02   9.9445885e+00   9.9445885e+00   1.9889177e+01
   4.4600000e+02   9.8696371e+00   9.8696371e+00   1.9739274e+01
   4.4700000e+02   9.7947233e+00   9.7947233e+00   1.9589447e+01
   4.4800000e+02   9.7196808e+00   9.7196808e+00   1.9439362e+01
   4.4900000e+02   9.6443445e+00   9.6443445e+00   1.9288689e+01
   4.5000000e+02   9.5685513e+00   9.5685513e+00   1.9137103e+01
   4.5100000e+02   9.4921402e+00   9.4921402e+00   1.8984280e+01
   4.5200000e+02   9.4150451e+00   9.4150451e+00   1.8830090e+01
   4.5300000e+02   9.3374394e+00   9.3374394e+00   1.8674879e+01
   4.5400000e+02   9.2595328e+00   9.2595328e+00   1.8519066e+01
   4.5500000e+02   9.1815327e+00   9.1815327e+00   1.8363065e+01
   4.5600000e+02   9.1036436e+00   9.1036436e+00   1.8207287e+01
   4.5700000e+02   9.0260671e+00   9.0260671e+00   1.8052134e+01
   4.5800000e+02   8.9490015e+00   8.9490015e+00   1.7898003e+01
   4.5900000e+02   8.8726419e+00   8.8726419e+00   1.7745284e+01
   4.6000000e+02   8.7971805e+00   8.7971805e+00   1.7594361e+01
   4.6100000e+02   8.7228065e+00   8.7228065e+00   1.7445613e+01
   4.6200000e+02   8.6497064e+00   8.6497064e+00   1.7299413e+01
   4.6300000e+02   8.5780650e+00   8.5780650e+00   1.7156130e+01
   4.6400000e+02   8.5080655e+00   8.5080655e+00   1.7016131e+01
   4.6500000e+02   8.4398904e+00   8.4398904e+00   1.6879781e+01
   4.6600000e+02   8.3737224e+00   8.3737224e+00   1.6747445e+01
   4.6700000e+02   8.3097452e+00   8.3097452e+00   1.6619490e+01
   4.6800000e+02   8.2481448e+00   8.2481448e+00   1.6496290e+01
   4.6900000e+02   8.1891109e+00   8.1891109e+00   1.6378222e+01
   4.7000000e+02   8.1328381e+00   8.1328381e+00   1.6265676e+01
   4.7100000e+02   8.0795279e+00   8.0795279e+00   1.6159056e+01
   4.7200000e+02   8.0293868e+00   8.0293868e+00   1.6058774e+01
   4.7300000e+02   7.9825782e+00   7.9825782e+00   1.5965156e+01
   4.7400000e+02   7.9392321e+00   7.9392321e+00   1.5878464e+01
   4.7500000e+02   7.8994872e+00   7.8994872e+00   1.5798974e+01
   4.7600000e+02   7.8634933e+00   7.8634933e+00   1.5726987e+01
   4.7700000e+02   7.8314117e+00   7.8314117e+00   1.5662823e+01
   4.7800000e+02   7.8034159e+00   7.8034159e+00   1.5606832e+01
   4.7900000e+02   7.7796924e+00   7.7796924e+00   1.5559385e+01
   4.8000000e+02   7.7604415e+00   7.7604415e+00   1.5520883e+01
   4.8100000e+02   7.7458780e+00   7.7458780e+00   1.5491756e+01
   4.8200000e+02   7.7362320e+00   7.7362320e+00   1.5472464e+01
   4.8300000e+02   7.7317499e+00   7.7317499e+00   1.5463500e+01
   4.8400000e+02   7.7326947e+00   7.7326947e+00   1.5465389e+01
   4.8500000e+02   7.7393472e+00   7.7393472e+00   1.5478694e+01
   4.8600000e+02   7.7520063e+00   7.7520063e+00   1.5504013e+01
   4.8700000e+02   7.7709899e+00   7.7709899e+00   1.5541980e+01
   4.8800000e+02   7.7966347e+00   7.7966347e+00   1.5593269e+01
   4.8900000e+02   7.8292965e+00   7.8292965e+00   1.5658593e+01
   4.9000000e+02   7.8693502e+00   7.8693502e+00   1.5738700e+01
   4.9100000e+02   7.9171887e+00   7.9171887e+00   1.5834377e+01
   4.9200000e+02   7.9732214e+00   7.9732214e+00   1.5946443e+01
   4.9300000e+02   8.0378726e+00   8.0378726e+00   1.6075745e+01
   4.9400000e+02   8.1115779e+00   8.1115779e+00   1.6223156e+01
   4.9500000e+02   8.1947798e+00   8.1947798e+00   1.6389560e+01
   4.9600000e+02   8.2879219e+00   8.2879219e+00   1.6575844e+01
   4.9700000e+02   8.3913237e+00   8.3913237e+00   1.6782647e+01
   4.9800000e+02   8.5048877e+00   8.5048877e+00   1.7009775e+01
   4.9900000e+02   8.6283689e+00   8.6283689e+00   1.7256738e+01
   5.0000000e+02   8.7614383e+00   8.7614383e+00   1.7522877e+01
   5.0100000e+02   8.9036674e+00   8.9036674e+00   1.7807335e+01
   5.0200000e+02   9.0545134e+00   9.0545134e+00   1.8109027e+01
   5.0300000e+02   9.2133047e+00   9.2133047e+00   1.8426609e+01
   5.0400000e+02   9.3792269e+00   9.3792269e+00   1.8758454e+01
   5.0500000e+02   9.5513116e+00   9.5513116e+00   1.9102623e+01
   5.0600000e+02   9.7284275e+00   9.7284275e+00   1.9456855e+01
   5.0700000e+02   9.9092755e+00   9.9092755e+00   1.9818551e+01
   5.0800000e+02   1.0092389e+01   1.0092389e+01   2.0184777e+01
   5.0900000e+02   1.0276139e+01   1.0276139e+01   2.0552278e+01
   5.1000000e+02   1.0458750e+01   1.0458750e+01   2.0917501e+01
   5.1100000e+02   1.0638320e+01   1.0638320e+01   2.1276641e+01
   5.1200000e+02   1.0812849e+01   1.0812849e+01   2.1625698e+01
   5.1300000e+02   1.0980276e+01   1.0980276e+01   2.1960552e+01
   5.1400000e+02   1.1138525e+01   1.1138525e+01   2.2277050e+01
   5.1500000e+02   1.1285554e+01   1.1285554e+01   2.2571108e+01
   5.1600000e+02   1.1419408e+01   1.1419408e+01   2.2838817e+01
   5.1700000e+02   1.1538274e+01   1.1538274e+01   2.3076549e+01
   5.1800000e+02   1.1640532e+01   1.1640532e+01   2.3281063e+01
   5.1900000e+02   1.1724801e+01   1.1724801e+01   2.3449601e+01
   5.2000000e+02   1.1789980e+01   1.1789980e+01   2.3579960e+01
   5.2100000e+02   1.1835276e+01   1.1835276e+01   2.3670552e+01
   5.2200000e+02   1.1860409e+01   1.1860409e+01   2.3720819e+01
   5.2300000e+02   1.1866032e+01   1.1866032e+01   2.3732063e+01
   5.2400000e+02   1.1853130e+01   1.1853130e+01   2.3706260e+01
   5.2500000e+02   1.1822847e+01   1.1822847e+01   2.3645694e+01
   5.2600000e+02   1.1776440e+01   1.1776440e+01   2.3552879e+01
   5.2700000e+02   1.1715244e+01   1.1715244e+01   2.3430488e+01
   5.2800000e+02   1.1640639e+01   1.1640639e+01   2.3281278e+01
   5.2900000e+02   1.1554018e+01   1.1554018e+01   2.3108036e+01
   5.3000000e+02   1.1456760e+01   1.1456760e+01   2.2913520e+01
   5.3100000e+02   1.1350210e+01   1.1350210e+01   2.2700419e+01
   5.3200000e+02   1.1235658e+01   1.1235658e+01   2.2471316e+01
   5.3300000e+02   1.1114330e+01   1.1114330e+01   2.2228661e+01
   5.3400000e+02   1.0987375e+01   1.0987375e+01   2.1974751e+01
   5.3500000e+02   1.0855860e+01   1.0855860e+01   2.1711721e+01
   5.3600000e+02   1.0720767e+01   1.0720767e+01   2.1441534e+01
   5.3700000e+02   1.0582990e+01   1.0582990e+01   2.1165981e+01
   5.3800000e+02   1.0443340e+01   1.0443340e+01   2.0886681e+01
   5.3900000e+02   1.0302545e+01   1.0302545e+01   2.0605089e+01
   5.4000000e+02   1.0161251e+01   1.0161251e+01   2.0322502e+01
   5.4100000e+02   1.0020032e+01   1.0020032e+01   2.0040065e+01
   5.4200000e+02   9.8793926e+00   9.8793926e+00   1.9758785e+01
   5.4300000e+02   9.7397698e+00   9.7397698e+00   1.9479540e+01
   5.4400000e+02   9.6015433e+00   9.6015433e+00   1.9203087e+01
   5.4500000e+02   9.4650380e+00   9.4650380e+00   1.8930076e+01
   5.4600000e+02   9.3305297e+00   9.3305297e+00   1.8661059e+01
   5.4700000e+02   9.1982496e+00   9.1982496e+00   1.8396499e+01
   5.4800000e+02   9.0683893e+00   9.0683893e+00   1.8136779e+01
   5.4900000e+02   8.9411028e+00   8.9411028e+00   1.7882206e+01
   5.5000000e+02   8.8164273e+00   8.8164273e+00   1.7632855e+01
   5.5100000e+02   8.6942781e+00   8.6942781e+00   1.7388556e+01
   5.5200000e+02   8.5745673e+00   8.5745673e+00   1.7149135e+01
   5.5300000e+02   8.4572113e+00   8.4572113e+00   1.6914423e+01
   5.5400000e+02   8.3421307e+00   8.3421307e+00   1.6684261e+01
   5.5500000e+02   8.2292499e+00   8.2292499e+00   1.6458500e+01
   5.5600000e+02   8.1184974e+00   8.1184974e+00   1.6236995e+01
   5.5700000e+02   8.0098051e+00   8.0098051e+00   1.6019610e+01
   5.5800000e+02   7.9031083e+00   7.9031083e+00   1.5806217e+01
   5.5900000e+02   7.7983454e+00   7.7983454e+00   1.5596691e+01
   5.6000000e+02   7.6954580e+00   7.6954580e+00   1.5390916e+01
   5.6100000e+02   7.5943904e+00   7.5943904e+00   1.5188781e+01
   5.6200000e+02   7.4950896e+00   7.4950896e+00   1.4990179e+01
   5.6300000e+02   7.3975053e+00   7.3975053e+00   1.4795011e+01
   5.6400000e+02   7.3015894e+00   7.3015894e+00   1.4603179e+01
   5.6500000e+02   7.2072962e+00   7.2072962e+00   1.4414592e+01
   5.6600000e+02   7.1145821e+00   7.1145821e+00   1.4229164e+01
   5.6700000e+02   7.0234055e+00   7.0234055e+00   1.4046811e+01
   5.6800000e+02   6.9337267e+00   6.9337267e+00   1.3867453e+01
   5.6900000e+02   6.8455078e+00   6.8455078e+00   1.3691016e+01
   5.7000000e+02   6.7587126e+00   6.7587126e+00   1.3517425e+01
   5.7100000e+02   6.6733064e+00   6.6733064e+00   1.3346613e+01
   5.7200000e+02   6.5892561e+00   6.5892561e+00   1.3178512e+01
   5.7300000e+02   6.5065300e+00   6.5065300e+00   1.3013060e+01
   5.7400000e+02   6.4250976e+00   6.4250976e+00   1.2850195e+01
   5.7500000e+02   6.3449297e+00   6.3449297e+00   1.2689859e+01
   5.7600000e+02   6.2659983e+00   6.2659983e+00   1.2531997e+01
   5.7700000e+02   6.1882766e+00   6.1882766e+00   1.2376553e+01
   5.7800000e+02   6.1117386e+00   6.1117386e+00   1.2223477e+01
   5.7900000e+02   6.0363594e+00   6.0363594e+00   1.2072719e+01
   5.8000000e+02   5.9621151e+00   5.9621151e+00   1.1924230e+01
   5.8100000e+02   5.8889824e+00   5.8889824e+00   1.1777965e+01
   5.8200000e+02   5.8169390e+00   5.8169390e+00   1.1633878e+01
   5.8300000e+02   5.7459668e+00   5.7459668e+00   1.1491934e+01
   5.8400000e+02   5.6760639e+00   5.6760639e+00   1.1352128e+01
   5.8500000e+02   5.6072326e+00   5.6072326e+00   1.1214465e+01
   5.8600000e+02   5.5394726e+00   5.5394726e+00   1.1078945e+01
   5.8700000e+02   5.4727821e+00   5.4727821e+00   1.0945564e+01
   5.8800000e+02   5.4071572e+00   5.4071572e+00   1.0814314e+01
   5.8900000e+02   5.3425929e+00   5.3425929e+00   1.0685186e+01
   5.9000000e+02   5.2790825e+00   5.2790825e+00   1.0558165e+01
   5.9100000e+02   5.2166182e+00   5.2166182e+00   1.0433236e+01
   5.9200000e+02   5.1551911e+00   5.1551911e+00   1.0310382e+01
   5.9300000e+02   5.0947914e+00   5.0947914e+00   1.0189583e+01
   5.9400000e+02   5.0354083e+00   5.0354083e+00   1.0070817e+01
   5.9500000e+02   4.9770303e+00   4.9770303e+00   9.9540606e+00
   5.9600000e+02   4.9196452e+00   4.9196452e+00   9.8392905e+00
   5.9700000e+02   4.8632405e+00   4.8632405e+00   9.7264810e+00
   5.9800000e+02   4.8078028e+00   4.8078028e+00   9.6156056e+00
   5.9900000e+02   4.7533185e+00   4.7533185e+00   9.5066371e+00
   6.0000000e+02   4.6997739e+00   4.6997739e+00   9.3995477e+00
   6.0100000e+02   4.6471545e+00   4.6471545e+00   9.2943090e+00
   6.0200000e+02   4.5954460e+00   4.5954460e+00   9.1908920e+00
   6.0300000e+02   4.5446338e+00   4.5446338e+00   9.0892676e+00
   6.0400000e+02   4.4947032e+00   4.4947032e+00   8.9894064e+00
   6.0500000e+02   4.4456393e+00   4.4456393e+00   8.8912787e+00
   6.0600000e+02   4.3974274e+00   4.3974274e+00   8.7948549e+00
   6.0700000e+02   4.3500526e+00   4.3500526e+00   8.7001053e+00
   6.0800000e+02   4.3035001e+00   4.3035001e+00   8.6070002e+00
   6.0900000e+02   4.2577551e+00   4.2577551e+00   8.5155102e+00
   6.1000000e+02   4.2128030e+00   4.2128030e+00   8.4256060e+00
   6.1100000e+02   4.1686291e+00   4.1686291e+00   8.3372583e+00
   6.1200000e+02   4.1252191e+00   4.1252191e+00   8.2504382e+00
   6.1300000e+02   4.0825586e+00   4.0825586e+00   8.1651172e+00
   6.1400000e+02   4.0406334e+00   4.0406334e+00   8.0812668e+00
   6.1500000e+02   3.9994296e+00   3.9994296e+00   7.9988592e+00
   6.1600000e+02   3.9589333e+00   3.9589333e+00   7.9178666e+00
   6.1700000e+02   3.9191310e+00   3.9191310e+00   7.8382619e+00
   6.1800000e+02   3.8800074e+00   3.8800074e+00   7.7600147e+00
   6.1900000e+02   3.8415436e+00   3.8415436e+00   7.6830872e+00
   6.2000000e+02   3.8037208e+00   3.8037208e+00   7.6074416e+00
   6.2100000e+02   3.7665209e+00   3.7665209e+00   7.5330418e+00
   6.2200000e+02   3.7299265e+00   3.7299265e+00   7.4598531e+00
   6.2300000e+02   3.6939211e+00   3.6939211e+00   7.3878422e+00
   6.2400000e+02   3.6584885e+00   3.6584885e+00   7.3169769e+00
   6.2500000e+02   3.6236133e+00   3.6236133e+00   7.2472266e+00
   6.2600000e+02   3.5892807e+00   3.5892807e+00   7.1785615e+00
   6.2700000e+02   3.5554766e+00   3.5554766e+00   7.1109531e+00
   6.2800000e+02   3.5221870e+00   3.5221870e+00   7.0443740e+00
   6.2900000e+02   3.4893989e+00   3.4893989e+00   6.9787977e+00
   6.3000000e+02   3.4570994e+00   3.4570994e+00   6.9141988e+00
   6.3100000e+02   3.4252764e+00   3.4252764e+00   6.8505528e+00
   6.3200000e+02   3.3939179e+00   3.3939179e+00   6.7878358e+00
   6.3300000e+02   3.3630126e+00   3.3630126e+00   6.7260252e+00
   6.3400000e+02   3.3325495e+00   3.3325495e+00   6.6650990e+00
   6.3500000e+02   3.3025179e+00   3.3025179e+00   6.6050358e+00
   6.3600000e+02   3.2729076e+00   3.2729076e+00   6.5458151e+00
   6.3700000e+02   3.2437086e+00   3.2437086e+00   6.4874172e+00
   6.3800000e+02   3.2149115e+00   3.2149115e+00   6.4298229e+00
   6.3900000e+02   3.1865069e+00   3.1865069e+00   6.3730137e+00
   6.4000000e+02   3.1584859e+00   3.1584859e+00   6.3169717e+00
   6.4100000e+02   3.1308398e+00   3.1308398e+00   6.2616797e+00
   6.4200000e+02   3.1035604e+00   3.1035604e+00   6.2071208e+00
   6.4300000e+02   3.0766394e+00   3.0766394e+00   6.1532789e+00
   6.4400000e+02   3.0500692e+00   3.0500692e+00   6.1001383e+00
   6.4500000e+02   3.0238419e+00   3.0238419e+00   6.0476839e+00
   6.4600000e+02   2.9979505e+00   2.9979505e+00   5.9959009e+00
   6.4700000e+02   2.9723876e+00   2.9723876e+00   5.9447752e+00
   6.4800000e+02   2.9471464e+00   2.9471464e+00   5.8942928e+00
   6.4900000e+02   2.9222202e+00   2.9222202e+00   5.8444404e+00
   6.5000000e+02   2.8976026e+00   2.8976026e+00   5.7952051e+00
   6.5100000e+02   2.8732871e+00   2.8732871e+00   5.7465743e+00
   6.5200000e+02   2.8492678e+00   2.8492678e+00   5.6985357e+00
   6.5300000e+02   2.8255387e+00   2.8255387e+00   5.6510774e+00
   6.5400000e+02   2.8020940e+00   2.8020940e+00   5.6041881e+00
   6.5500000e+02   2.7789282e+00   2.7789282e+00   5.5578564e+00
   6.5600000e+02   2.7560358e+00   2.7560358e+00   5.5120716e+00
   6.5700000e+02   2.7334115e+00   2.7334115e+00   5.4668230e+00
   6.5800000e+02   2.7110502e+00   2.7110502e+00   5.4221005e+00
   6.5900000e+02   2.6889470e+00   2.6889470e+00   5.3778940e+00
   6.6000000e+02   2.6670970e+00   2.6670970e+00   5.3341940e+00
   6.6100000e+02   2.6454960e+00   2.6454960e+00   5.2909920e+00
   6.6200000e+02   2.6241404e+00   2.6241404e+00   5.2482808e+00
   6.6300000e+02   2.6030267e+00   2.6030267e+00   5.2060535e+00
   6.6400000e+02   2.5821515e+00   2.5821515e+00   5.1643029e+00
   6.6500000e+02   2.5615112e+00   2.5615112e+00   5.1230224e+00
   6.6600000e+02   2.5411025e+00   2.5411025e+00   5.0822051e+00
   6.6700000e+02   2.5209222e+00   2.5209222e+00   5.0418443e+00
   6.6800000e+02   2.5009668e+00   2.5009668e+00   5.0019337e+00
   6.6900000e+02   2.4812333e+00   2.4812333e+00   4.9624666e+00
   6.7000000e+02   2.4617184e+00   2.4617184e+00   4.9234367e+00
   6.7100000e+02   2.4424189e+00   2.4424189e+00   4.8848379e+00
   6.7200000e+02   2.4233319e+00   2.4233319e+00   4.8466639e+00
   6.7300000e+02   2.4044543e+00   2.4044543e+00   4.8089087e+00
   6.7400000e+02   2.3857832e+00   2.3857832e+00   4.7715664e+00
   6.7500000e+02   2.3673155e+00   2.3673155e+00   4.7346310e+00
   6.7600000e+02   2.3490485e+00   2.3490485e+00   4.6980969e+00
   6.7700000e+02   2.3309792e+00   2.3309792e+00   4.6619584e+00
   6.7800000e+02   2.3131049e+00   2.3131049e+00   4.6262099e+00
   6.7900000e+02   2.2954229e+00   2.2954229e+00   4.5908458e+00
   6.8000000e+02   2.2779305e+00   2.2779305e+00   4.5558609e+00
   6.8100000e+02   2.2606249e+00   2.2606249e+00   4.5212498e+00
   6.8200000e+02   2.2435036e+00   2.2435036e+00   4.4870073e+00
   6.8300000e+02   2.2265641e+00   2.2265641e+00   4.4531282e+00
   6.8400000e+02   2.2098038e+00   2.2098038e+00   4.4196076e+00
   6.8500000e+02   2.1932202e+00   2.1932202e+00   4.3864404e+00
   6.8600000e+02   2.1768109e+00   2.1768109e+00   4.3536217e+00
   6.8700000e+02   2.1605734e+00   2.1605734e+00   4.3211469e+00
   6.8800000e+02   2.1445055e+00   2.1445055e+00   4.2890111e+00
   6.8900000e+02   2.1286048e+00   2.1286048e+00   4.2572097e+00
   6.9000000e+02   2.1128691e+00   2.1128691e+00   4.2257381e+00
   6.9100000e+02   2.0972960e+00   2.0972960e+00   4.1945919e+00
   6.9200000e+02   2.0818833e+00   2.0818833e+00   4.1637667e+00
   6.9300000e+02   2.0666290e+00   2.0666290e+00   4.1332580e+00
   6.9400000e+02   2.0515308e+00   2.0515308e+00   4.1030617e+00
   6.9500000e+02   2.0365868e+00   2.0365868e+00   4.0731735e+00
   6.9600000e+02   2.0217947e+00   2.0217947e+00   4.0435894e+00
   6.9700000e+02   2.0071526e+00   2.0071526e+00   4.0143052e+00
   6.9800000e+02   1.9926585e+00   1.9926585e+00   3.9853169e+00
   6.9900000e+02   1.9783103e+00   1.9783103e+00   3.9566207e+00
   7.0000000e+02   1.9641063e+00   1.9641063e+00   3.9282126e+00
   7.0100000e+02   1.9500445e+00   1.9500445e+00   3.9000890e+00
   7.0200000e+02   1.9361230e+00   1.9361230e+00   3.8722459e+00
   7.0300000e+02   1.9223399e+00   1.9223399e+00   3.8446798e+00
   7.0400000e+02   1.9086936e+00   1.9086936e+00   3.8173871e+00
   7.0500000e+02   1.8951821e+00   1.8951821e+00   3.7903641e+00
   7.0600000e+02   1.8818037e+00   1.8818037e+00   3.7636073e+00
   7.0700000e+02   1.8685565e+00   1.8685565e+00   3.7371131e+00
   7.0800000e+02   1.8554389e+00   1.8554389e+00   3.7108778e+00
   7.0900000e+02   1.8424490e+00   1.8424490e+00   3.6848979e+00
   7.1000000e+02   1.8295850e+00   1.8295850e+00   3.6591701e+00
   7.1100000e+02   1.8168454e+00   1.8168454e+00   3.6336909e+00
   7.1200000e+02   1.8042285e+00   1.8042285e+00   3.6084570e+00
   7.1300000e+02   1.7917325e+00   1.7917325e+00   3.5834651e+00
   7.1400000e+02   1.7793560e+00   1.7793560e+00   3.5587121e+00
   7.1500000e+02   1.7670974e+00   1.7670974e+00   3.5341947e+00
   7.1600000e+02   1.7549550e+00   1.7549550e+00   3.5099100e+00
   7.1700000e+02   1.7429274e+00   1.7429274e+00   3.4858548e+00
   7.1800000e+02   1.7310131e+00   1.7310131e+00   3.4620262e+00
   7.1900000e+02   1.7192106e+00   1.7192106e+00   3.4384212e+00
   7.2000000e+02   1.7075185e+00   1.7075185e+00   3.4150370e+00
   7.2100000e+02   1.6959354e+00   1.6959354e+00   3.3918707e+00
   7.2200000e+02   1.6844598e+00   1.6844598e+00   3.3689196e+00
   7.2300000e+02   1.6730905e+00   1.6730905e+00   3.3461809e+00
   7.2400000e+02   1.6618260e+00   1.6618260e+00   3.3236519e+00
   7.2500000e+02   1.6506650e+00   1.6506650e+00   3.3013300e+00
   7.2600000e+02   1.6396063e+00   1.6396063e+00   3.2792125e+00
   7.2700000e+02   1.6286485e+00   1.6286485e+00   3.2572970e+00
   7.2800000e+02   1.6177904e+00   1.6177904e+00   3.2355809e+00
   7.2900000e+02   1.6070308e+00   1.6070308e+00   3.2140616e+00
   7.3000000e+02   1.5963685e+00   1.5963685e+00   3.1927369e+00
   7.3100000e+02   1.5858022e+00   1.5858022e+00   3.1716043e+00
   7.3200000e+02   1.5753307e+00   1.5753307e+00   3.1506615e+00
   7.3300000e+02   1.5649530e+00   1.5649530e+00   3.1299061e+00
   7.3400000e+02   1.5546679e+00   1.5546679e+00   3.1093358e+00
   7.3500000e+02   1.5444743e+00   1.5444743e+00   3.0889485e+00
   7.3600000e+02   1.5343710e+00   1.5343710e+00   3.0687419e+00
   7.3700000e+02   1.5243569e+00   1.5243569e+00   3.0487139e+00
   7.3800000e+02   1.5144311e+00   1.5144311e+00   3.0288622e+00
   7.3900000e+02   1.5045924e+00   1.5045924e+00   3.0091849e+00
   7.4000000e+02   1.4948399e+00   1.4948399e+00   2.9896798e+00
   7.4100000e+02   1.4851725e+00   1.4851725e+00   2.9703449e+00
   7.4200000e+02   1.4755891e+00   1.4755891e+00   2.9511783e+00
   7.4300000e+02   1.4660889e+00   1.4660889e+00   2.9321778e+00
   7.4400000e+02   1.4566708e+00   1.4566708e+00   2.9133417e+00
   7.4500000e+02   1.4473340e+00   1.4473340e+00   2.8946679e+00
   7.4600000e+02   1.4380773e+00   1.4380773e+00   2.8761547e+00
   7.4700000e+02   1.4289000e+00   1.4289000e+00   2.8578001e+00
   7.4800000e+02   1.4198011e+00   1.4198011e+00   2.8396023e+00
   7.4900000e+02   1.4107798e+00   1.4107798e+00   2.8215595e+00
   7.5000000e+02   1.4018350e+00   1.4018350e+00   2.8036700e+00
   7.5100000e+02   1.3929660e+00   1.3929660e+00   2.7859320e+00
   7.5200000e+02   1.3841719e+00   1.3841719e+00   2.7683438e+00
   7.5300000e+02   1.3754519e+00   1.3754519e+00   2.7509037e+00
   7.5400000e+02   1.3668050e+00   1.3668050e+00   2.7336101e+00
   7.5500000e+02   1.3582306e+00   1.3582306e+00   2.7164612e+00
   7.5600000e+02   1.3497278e+00   1.3497278e+00   2.6994555e+00
   7.5700000e+02   1.3412957e+00   1.3412957e+00   2.6825914e+00
   7.5800000e+02   1.3329337e+00   1.3329337e+00   2.6658674e+00
   7.5900000e+02   1.3246409e+00   1.3246409e+00   2.6492819e+00
   7.6000000e+02   1.3164167e+00   1.3164167e+00   2.6328334e+00
   7.6100000e+02   1.3082603e+00   1.3082603e+00   2.6165206e+00
   7.6200000e+02   1.3001709e+00   1.3001709e+00   2.6003418e+00
   7.6300000e+02   1.2921479e+00   1.2921479e+00   2.5842958e+00
   7.6400000e+02   1.2841906e+00   1.2841906e+00   2.5683811e+00
   7.6500000e+02   1.2762982e+00   1.2762982e+00   2.5525964e+00
   7.6600000e+02   1.2684701e+00   1.2684701e+00   2.5369401e+00
   7.6700000e+02   1.2607055e+00   1.2607055e+00   2.5214111e+00
   7.6800000e+02   1.2530039e+00   1.2530039e+00   2.5060079e+00
   7.6900000e+02   1.2453646e+00   1.2453646e+00   2.4907292e+00
   7.7000000e+02   1.2377869e+00   1.2377869e+00   2.4755738e+00
   7.7100000e+02   1.2302702e+00   1.2302702e+00   2.4605403e+00
   7.7200000e+02   1.2228138e+00   1.2228138e+00   2.4456276e+00
   7.7300000e+02   1.2154171e+00   1.2154171e+00   2.4308342e+00
   7.7400000e+02   1.2080796e+00   1.2080796e+00   2.4161591e+00
   7.7500000e+02   1.2008005e+00   1.2008005e+00   2.4016010e+00
   7.7600000e+02   1.1935793e+00   1.1935793e+00   2.3871586e+00
   7.7700000e+02   1.1864155e+00   1.1864155e+00   2.3728309e+00
   7.7800000e+02   1.1793083e+00   1.1793083e+00   2.3586166e+00
   7.7900000e+02   1.1722573e+00   1.1722573e+00   2.3445146e+00
   7.8000000e+02   1.1652618e+00   1.1652618e+00   2.3305237e+00
   7.8100000e+02   1.1583214e+00   1.1583214e+00   2.3166428e+00
   7.8200000e+02   1.1514354e+00   1.1514354e+00   2.3028708e+00
   7.8300000e+02   1.1446033e+00   1.1446033e+00   2.2892066e+00
   7.8400000e+02   1.1378246e+00   1.1378246e+00   2.2756492e+00
   7.8500000e+02   1.1310987e+00   1.1310987e+00   2.2621974e+00
   7.8600000e+02   1.1244251e+00   1.1244251e+00   2.2488502e+00
   7.8700000e+02   1.1178032e+00   1.1178032e+00   2.2356065e+00
   7.8800000e+02   1.1112327e+00   1.1112327e+00   2.2224653e+00
   7.8900000e+02   1.1047128e+00   1.1047128e+00   2.2094257e+00
   7.9000000e+02   1.0982433e+00   1.0982433e+00   2.1964866e+00
   7.9100000e+02   1.0918235e+00   1.0918235e+00   2.1836469e+00
   7.9200000e+02   1.0854529e+00   1.0854529e+00   2.1709058e+00
   7.9300000e+02   1.0791311e+00   1.0791311e+00   2.1582623e+00
   7.9400000e+02   1.0728577e+00   1.0728577e+00   2.1457153e+00
   7.9500000e+02   1.0666320e+00   1.0666320e+00   2.1332640e+00
   7.9600000e+02   1.0604537e+00   1.0604537e+00   2.1209075e+00
   7.9700000e+02   1.0543224e+00   1.0543224e+00   2.1086447e+00
   7.9800000e+02   1.0482374e+00   1.0482374e+00   2.0964749e+00
   7.9900000e+02   1.0421985e+00   1.0421985e+00   2.0843970e+00
   8.0000000e+02   1.0362051e+00   1.0362051e+00   2.0724103e+00
   8.0100000e+02   1.0302569e+00   1.0302569e+00   2.0605137e+00
   8.0200000e+02   1.0243533e+00   1.0243533e+00   2.0487066e+00
   8.0300000e+02   1.0184940e+00   1.0184940e+00   2.0369880e+00
   8.0400000e+02   1.0126785e+00   1.0126785e+00   2.0253570e+00
   8.0500000e+02   1.0069064e+00   1.0069064e+00   2.0138128e+00
   8.0600000e+02   1.0011773e+00   1.0011773e+00   2.0023547e+00
   8.0700000e+02   9.9549087e-01   9.9549087e-01   1.9909817e+00
   8.0800000e+02   9.8984659e-01   9.8984659e-01   1.9796932e+00
   8.0900000e+02   9.8424409e-01   9.8424409e-01   1.9684882e+00
   8.1000000e+02   9.7868300e-01   9.7868300e-01   1.9573660e+00
   8.1100000e+02   9.7316291e-01   9.7316291e-01   1.9463258e+00
   8.1200000e+02   9.6768345e-01   9.6768345e-01   1.9353669e+00
   8.1300000e+02   9.6224423e-01   9.6224423e-01   1.9244885e+00
   8.1400000e+02   9.5684488e-01   9.5684488e-01   1.9136898e+00
   8.1500000e+02   9.5148503e-01   9.5148503e-01   1.9029701e+00
   8.1600000e+02   9.4616431e-01   9.4616431e-01   1.8923286e+00
   8.1700000e+02   9.4088236e-01   9.4088236e-01   1.8817647e+00
   8.1800000e+02   9.3563882e-01   9.3563882e-01   1.8712776e+00
   8.1900000e+02   9.3043333e-01   9.3043333e-01   1.8608667e+00
   8.2000000e+02   9.2526555e-01   9.2526555e-01   1.8505311e+00
   8.2100000e+02   9.2013512e-01   9.2013512e-01   1.8402702e+00
   8.2200000e+02   9.1504171e-01   9.1504171e-01   1.8300834e+00
   8.2300000e+02   9.0998500e-01   9.0998500e-01   1.8199700e+00
   8.2400000e+02   9.0496468e-01   9.0496468e-01   1.8099294e+00
   8.2500000e+02   8.9998042e-01   8.9998042e-01   1.7999608e+00
   8.2600000e+02   8.9503192e-01   8.9503192e-01   1.7900638e+00
   8.2700000e+02   8.9011889e-01   8.9011889e-01   1.7802378e+00
   8.2800000e+02   8.8524100e-01   8.8524100e-01   1.7704820e+00
   8.2900000e+02   8.8039797e-01   8.8039797e-01   1.7607959e+00
   8.3000000e+02   8.7558950e-01   8.7558950e-01   1.7511790e+00
   8.3100000e+02   8.7081529e-01   8.7081529e-01   1.7416306e+00
   8.3200000e+02   8.6607504e-01   8.6607504e-01   1.7321501e+00
   8.3300000e+02   8.6136848e-01   8.6136848e-01   1.7227370e+00
   8.3400000e+02   8.5669532e-01   8.5669532e-01   1.7133906e+00
   8.3500000e+02   8.5205527e-01   8.5205527e-01   1.7041105e+00
   8.3600000e+02   8.4744805e-01   8.4744805e-01   1.6948961e+00
   8.3700000e+02   8.4287338e-01   8.4287338e-01   1.6857468e+00
   8.3800000e+02   8.3833099e-01   8.3833099e-01   1.6766620e+00
   8.3900000e+02   8.3382060e-01   8.3382060e-01   1.6676412e+00
   8.4000000e+02   8.2934194e-01   8.2934194e-01   1.6586839e+00
   8.4100000e+02   8.2489475e-01   8.2489475e-01   1.6497895e+00
   8.4200000e+02   8.2047876e-01   8.2047876e-01   1.6409575e+00
   8.4300000e+02   8.1609371e-01   8.1609371e-01   1.6321874e+00
   8.4400000e+02   8.1173934e-01   8.1173934e-01   1.6234787e+00
   8.4500000e+02   8.0741538e-01   8.0741538e-01   1.6148308e+00
   8.4600000e+02   8.0312159e-01   8.0312159e-01   1.6062432e+00
   8.4700000e+02   7.9885770e-01   7.9885770e-01   1.5977154e+00
   8.4800000e+02   7.9462348e-01   7.9462348e-01   1.5892470e+00
   8.4900000e+02   7.9041866e-01   7.9041866e-01   1.5808373e+00
   8.5000000e+02   7.8624301e-01   7.8624301e-01   1.5724860e+00
   8.5100000e+02   7.8209628e-01   7.8209628e-01   1.5641926e+00
   8.5200000e+02   7.7797823e-01   7.7797823e-01   1.5559565e+00
   8.5300000e+02   7.7388861e-01   7.7388861e-01   1.5477772e+00
   8.5400000e+02   7.6982720e-01   7.6982720e-01   1.5396544e+00
   8.5500000e+02   7.6579376e-01   7.6579376e-01   1.5315875e+00
   8.5600000e+02   7.6178805e-01   7.6178805e-01   1.5235761e+00
   8.5700000e+02   7.5780985e-01   7.5780985e-01   1.5156197e+00
   8.5800000e+02   7.5385892e-01   7.5385892e-01   1.5077178e+00
   8.5900000e+02   7.4993504e-01   7.4993504e-01   1.4998701e+00
   8.6000000e+02   7.4603799e-01   7.4603799e-01   1.4920760e+00
   8.6100000e+02   7.4216754e-01   7.4216754e-01   1.4843351e+00
   8.6200000e+02   7.3832348e-01   7.3832348e-01   1.4766470e+00
   8.6300000e+02   7.3450558e-01   7.3450558e-01   1.4690112e+00
   8.6400000e+02   7.3071363e-01   7.3071363e-01   1.4614273e+00
   8.6500000e+02   7.2694742e-01   7.2694742e-01   1.4538948e+00
   8.6600000e+02   7.2320673e-01   7.2320673e-01   1.4464135e+00
   8.6700000e+02   7.1949136e-01   7.1949136e-01   1.4389827e+00
   8.6800000e+02   7.1580110e-01   7.1580110e-01   1.4316022e+00
   8.6900000e+02   7.1213574e-01   7.1213574e-01   1.4242715e+00
   8.7000000e+02   7.0849507e-01   7.0849507e-01   1.4169901e+00
   8.7100000e+02   7.0487890e-01   7.0487890e-01   1.4097578e+00
   8.7200000e+02   7.0128703e-01   7.0128703e-01   1.4025741e+00
   8.7300000e+02   6.9771925e-01   6.9771925e-01   1.3954385e+00
   8.7400000e+02   6.9417537e-01   6.9417537e-01   1.3883507e+00
   8.7500000e+02   6.9065520e-01   6.9065520e-01   1.3813104e+00
   8.7600000e+02   6.8715854e-01   6.8715854e-01   1.3743171e+00
   8.7700000e+02   6.8368521e-01   6.8368521e-01   1.3673704e+00
   8.7800000e+02   6.8023500e-01   6.8023500e-01   1.3604700e+00
   8.7900000e+02   6.7680774e-01   6.7680774e-01   1.3536155e+00
   8.8000000e+02   6.7340324e-01   6.7340324e-01   1.3468065e+00
   8.8100000e+02   6.7002132e-01   6.7002132e-01   1.3400426e+00
   8.8200000e+02   6.6666179e-01   6.6666179e-01   1.3333236e+00
   8.8300000e+02   6.6332447e-01   6.6332447e-01   1.3266489e+00
   8.8400000e+02   6.6000918e-01   6.6000918e-01   1.3200184e+00
   8.8500000e+02   6.5671575e-01   6.5671575e-01   1.3134315e+00
   8.8600000e+02   6.5344400e-01   6.5344400e-01   1.3068880e+00
   8.8700000e+02   6.5019376e-01   6.5019376e-01   1.3003875e+00
   8.8800000e+02   6.4696485e-01   6.4696485e-01   1.2939297e+00
   8.8900000e+02   6.4375710e-01   6.4375710e-01   1.2875142e+00
   8.9000000e+02   6.4057035e-01   6.4057035e-01   1.2811407e+00
   8.9100000e+02   6.3740442e-01   6.3740442e-01   1.2748088e+00
   8.9200000e+02   6.3425915e-01   6.3425915e-01   1.2685183e+00
   8.9300000e+02   6.3113438e-01   6.3113438e-01   1.2622688e+00
   8.9400000e+02   6.2802991e-01   6.2802991e-01   1.2560598e+00
   8.9500000e+02   6.2494559e-01   6.2494559e-01   1.2498912e+00
   8.9600000e+02   6.2188122e-01   6.2188122e-01   1.2437624e+00
   8.9700000e+02   6.1883664e-01   6.1883664e-01   1.2376733e+00
   8.9800000e+02   6.1581167e-01   6.1581167e-01   1.2316233e+00
   8.9900000e+02   6.1280615e-01   6.1280615e-01   1.2256123e+00
   9.0000000e+02   6.0981990e-01   6.0981990e-01   1.2196398e+00
   9.0100000e+02   6.0685276e-01   6.0685276e-01   1.2137055e+00
   9.0200000e+02   6.0390456e-01   6.0390456e-01   1.2078091e+00
   9.0300000e+02   6.0097515e-01   6.0097515e-01   1.2019503e+00
   9.0400000e+02   5.9806436e-01   5.9806436e-01   1.1961287e+00
   9.0500000e+02   5.9517204e-01   5.9517204e-01   1.1903441e+00
   9.0600000e+02   5.9229802e-01   5.9229802e-01   1.1845960e+00
   9.0700000e+02   5.8944215e-01   5.8944215e-01   1.1788843e+00
   9.0800000e+02   5.8660428e-01   5.8660428e-01   1.1732086e+00
   9.0900000e+02   5.8378426e-01   5.8378426e-01   1.1675685e+00
   9.1000000e+02   5.8098194e-01   5.8098194e-01   1.1619639e+00
   9.1100000e+02   5.7819717e-01   5.7819717e-01   1.1563943e+00
   9.1200000e+02   5.7542979e-01   5.7542979e-01   1.1508596e+00
   9.1300000e+02   5.7267968e-01   5.7267968e-01   1.1453594e+00
   9.1400000e+02   5.6994668e-01   5.6994668e-01   1.1398934e+00
   9.1500000e+02   5.6723065e-01   5.6723065e-01   1.1344613e+00
   9.1600000e+02   5.6453146e-01   5.6453146e-01   1.1290629e+00
   9.1700000e+02   5.6184896e-01   5.6184896e-01   1.1236979e+00
   9.1800000e+02   5.5918301e-01   5.5918301e-01   1.1183660e+00
   9.1900000e+02   5.5653349e-01   5.5653349e-01   1.1130670e+00
   9.2000000e+02   5.5390026e-01   5.5390026e-01   1.1078005e+00
   9.2100000e+02   5.5128318e-01   5.5128318e-01   1.1025664e+00
   9.2200000e+02   5.4868212e-01   5.4868212e-01   1.0973642e+00
   9.2300000e+02   5.4609695e-01   5.4609695e-01   1.0921939e+00
   9.2400000e+02   5.4352755e-01   5.4352755e-01   1.0870551e+00
   9.2500000e+02   5.4097379e-01   5.4097379e-01   1.0819476e+00
   9.2600000e+02   5.3843554e-01   5.3843554e-01   1.0768711e+00
   9.2700000e+02   5.3591268e-01   5.3591268e-01   1.0718254e+00
   9.2800000e+02   5.3340509e-01   5.3340509e-01   1.0668102e+00
   9.2900000e+02   5.3091263e-01   5.3091263e-01   1.0618253e+00
   9.3000000e+02   5.2843520e-01   5.2843520e-01   1.0568704e+00
   9.3100000e+02   5.2597268e-01   5.2597268e-01   1.0519454e+00
   9.3200000e+02   5.2352494e-01   5.2352494e-01   1.0470499e+00
   9.3300000e+02   5.2109186e-01   5.2109186e-01   1.0421837e+00
   9.3400000e+02   5.1867335e-01   5.1867335e-01   1.0373467e+00
   9.3500000e+02   5.1626927e-01   5.1626927e-01   1.0325385e+00
   9.3600000e+02   5.1387951e-01   5.1387951e-01   1.0277590e+00
   9.3700000e+02   5.1150398e-01   5.1150398e-01   1.0230080e+00
   9.3800000e+02   5.0914254e-01   5.0914254e-01   1.0182851e+00
   9.3900000e+02   5.0679510e-01   5.0679510e-01   1.0135902e+00
   9.4000000e+02   5.0446154e-01   5.0446154e-01   1.0089231e+00
   9.4100000e+02   5.0214176e-01   5.0214176e-01   1.0042835e+00
   9.4200000e+02   4.9983566e-01   4.9983566e-01   9.9967131e-01
   9.4300000e+02   4.9754312e-01   4.9754312e-01   9.9508623e-01
   9.4400000e+02   4.9526404e-01   4.9526404e-01   9.9052808e-01
   9.4500000e+02   4.9299832e-01   4.9299832e-01   9.8599664e-01
   9.4600000e+02   4.9074586e-01   4.9074586e-01   9.8149171e-01
   9.4700000e+02   4.8850655e-01   4.8850655e-01   9.7701310e-01
   9.4800000e+02   4.8628030e-01   4.8628030e-01   9.7256060e-01
   9.4900000e+02   4.8406701e-01   4.8406701e-01   9.6813402e-01
   9.5000000e+02   4.8186657e-01   4.8186657e-01   9.6373315e-01
   9.5100000e+02   4.7967890e-01   4.7967890e-01   9.5935780e-01
   9.5200000e+02   4.7750390e-01   4.7750390e-01   9.5500779e-01
   9.5300000e+02   4.7534146e-01   4.7534146e-01   9.5068292e-01
   9.5400000e+02   4.7319150e-01   4.7319150e-01   9.4638300e-01
   9.5500000e+02   4.7105392e-01   4.7105392e-01   9.4210785e-01
   9.5600000e+02   4.6892864e-01   4.6892864e-01   9.3785728e-01
   9.5700000e+02   4.6681555e-01   4.6681555e-01   9.3363110e-01
   9.5800000e+02   4.6471457e-01   4.6471457e-01   9.2942915e-01
   9.5900000e+02   4.6262561e-01   4.6262561e-01   9.2525123e-01
   9.6000000e+02   4.6054858e-01   4.6054858e-01   9.2109717e-01
   9.6100000e+02   4.5848340e-01   4.5848340e-01   9.1696679e-01
   9.6200000e+02   4.5642996e-01   4.5642996e-01   9.1285993e-01
   9.6300000e+02   4.5438820e-01   4.5438820e-01   9.0877640e-01
   9.6400000e+02   4.5235802e-01   4.5235802e-01   9.0471604e-01
   9.6500000e+02   4.5033934e-01   4.5033934e-01   9.0067868e-01
   9.6600000e+02   4.4833207e-01   4.4833207e-01   8.9666414e-01
   9.6700000e+02   4.4633614e-01   4.4633614e-01   8.9267227e-01
   9.6800000e+02   4.4435145e-01   4.4435145e-01   8.8870290e-01
   9.6900000e+02   4.4237793e-01   4.4237793e-01   8.8475586e-01
   9.7000000e+02   4.4041550e-01   4.4041550e-01   8.8083100e-01
   9.7100000e+02   4.3846408e-01   4.3846408e-01   8.7692815e-01
   9.7200000e+02   4.3652358e-01   4.3652358e-01   8.7304716e-01
   9.7300000e+02   4.3459393e-01   4.3459393e-01   8.6918787e-01
   9.7400000e+02   4.3267506e-01   4.3267506e-01   8.6535012e-01
   9.7500000e+02   4.3076688e-01   4.3076688e-01   8.6153376e-01
   9.7600000e+02   4.2886932e-01   4.2886932e-01   8.5773864e-01
   9.7700000e+02   4.2698230e-01   4.2698230e-01   8.5396460e-01
   9.7800000e+02   4.2510575e-01   4.2510575e-01   8.5021150e-01
   9.7900000e+02   4.2323959e-01   4.2323959e-01   8.4647919e-01
   9.8000000e+02   4.2138376e-01   4.2138376e-01   8.4276752e-01
   9.8100000e+02   4.1953817e-01   4.1953817e-01   8.3907634e-01
   9.8200000e+02   4.1770276e-01   4.1770276e-01   8.3540551e-01
   9.8300000e+02   4.1587745e-01   4.1587745e-01   8.3175490e-01
   9.8400000e+02   4.1406217e-01   4.1406217e-01   8.2812434e-01
   9.8500000e+02   4.1225686e-01   4.1225686e-01   8.2451372e-01
   9.8600000e+02   4.1046145e-01   4.1046145e-01   8.2092289e-01
   9.8700000e+02   4.0867587e-01   4.0867587e-01   8.1735174e-01
   9.8800000e+02   4.0690006e-01   4.0690006e-01   8.1380012e-01
   9.8900000e+02   4.0513396e-01   4.0513396e-01   8.1026793e-01
   9.9000000e+02   4.0337751e-01   4.0337751e-01   8.0675502e-01
   9.9100000e+02   4.0163064e-01   4.0163064e-01   8.0326128e-01
   9.9200000e+02   3.9989330e-01   3.9989330e-01   7.9978659e-01
   9.9300000e+02   3.9816541e-01   3.9816541e-01   7.9633083e-01
   9.9400000e+02   3.9644693e-01   3.9644693e-01   7.9289386e-01
   9.9500000e+02   3.9473779e-01   3.9473779e-01   7.8947558e-01
   9.9600000e+02   3.9303793e-01   3.9303793e-01   7.8607585e-01
   9.9700000e+02   3.9134729e-01   3.9134729e-01   7.8269457e-01
   9.9800000e+02   3.8966581e-01   3.8966581e-01   7.7933162e-01
   9.9900000e+02   3.8799343e-01   3.8799343e-01   7.7598687e-01
   1.0000000e+03   3.8633011e-01   3.8633011e-01   7.7266021e-01
