   4.0000000e+02   3.5084532e+02   3.5084532e+02   7.0169065e+02
   4.0100000e+02   3.5010470e+02   3.5010470e+02   7.0020939e+02
   4.0200000e+02   3.4940805e+02   3.4940805e+02   6.9881611e+02
   4.0300000e+02   3.4874957e+02   3.4874957e+02   6.9749914e+02
   4.0400000e+02   3.4812348e+02   3.4812348e+02   6.9624696e+02
   4.0500000e+02   3.4752410e+02   3.4752410e+02   6.9504819e+02
   4.0600000e+02   3.4694579e+02   3.4694579e+02   6.9389159e+02
   4.0700000e+02   3.4638299e+02   3.4638299e+02   6.9276598e+02
   4.0800000e+02   3.4583016e+02   3.4583016e+02   6.9166031e+02
   4.0900000e+02   3.4528181e+02   3.4528181e+02   6.9056362e+02
   4.1000000e+02   3.4473251e+02   3.4473251e+02   6.8946502e+02
   4.1100000e+02   3.4417683e+02   3.4417683e+02   6.8835367e+02
   4.1200000e+02   3.4360941e+02   3.4360941e+02   6.8721882e+02
   4.1300000e+02   3.4302489e+02   3.4302489e+02   6.8604979e+02
   4.1400000e+02   3.4241871e+02   3.4241871e+02   6.8483741e+02
   4.1500000e+02   3.4179350e+02   3.4179350e+02   6.8358701e+02
   4.1600000e+02   3.4115593e+02   3.4115593e+02   6.8231185e+02
   4.1700000e+02   3.4051261e+02   3.4051261e+02   6.8102522e+02
   4.1800000e+02   3.3987013e+02   3.3987013e+02   6.7974026e+02
   4.1900000e+02   3.3923502e+02   3.3923502e+02   6.7847005e+02
   4.2000000e+02   3.3861377e+02   3.3861377e+02   6.7722753e+02
   4.2100000e+02   3.3801281e+02   3.3801281e+02   6.7602561e+02
   4.2200000e+02   3.3743855e+02   3.3743855e+02   6.7487710e+02
   4.2300000e+02   3.3689738e+02   3.3689738e+02   6.7379477e+02
   4.2400000e+02   3.3639568e+02   3.3639568e+02   6.7279136e+02
   4.2500000e+02   3.3593980e+02   3.3593980e+02   6.7187961e+02
   4.2600000e+02   3.3553613e+02   3.3553613e+02   6.7107225e+02
   4.2700000e+02   3.3519104e+02   3.3519104e+02   6.7038208e+02
   4.2800000e+02   3.3491097e+02   3.3491097e+02   6.6982194e+02
   4.2900000e+02   3.3470240e+02   3.3470240e+02   6.6940479e+02
   4.3000000e+02   3.3457187e+02   3.3457187e+02   6.6914373e+02
   4.3100000e+02   3.3452575e+02   3.3452575e+02   6.6905150e+02
   4.3200000e+02   3.3456454e+02   3.3456454e+02   6.6912908e+02
   4.3300000e+02   3.3468283e+02   3.3468283e+02   6.6936565e+02
   4.3400000e+02   3.3487497e+02   3.3487497e+02   6.6974995e+02
   4.3500000e+02   3.3513539e+02   3.3513539e+02   6.7027077e+02
   4.3600000e+02   3.3545848e+02   3.3545848e+02   6.7091697e+02
   4.3700000e+02   3.3583869e+02   3.3583869e+02   6.7167737e+02
   4.3800000e+02   3.3627040e+02   3.3627040e+02   6.7254080e+02
   4.3900000e+02   3.3674801e+02   3.3674801e+02   6.7349602e+02
   4.4000000e+02   3.3726586e+02   3.3726586e+02   6.7453172e+02
   4.4100000e+02   3.3781824e+02   3.3781824e+02   6.7563648e+02
   4.4200000e+02   3.3839938e+02   3.3839938e+02   6.7679877e+02
   4.4300000e+02   3.3900344e+02   3.3900344e+02   6.7800689e+02
   4.4400000e+02   3.3962448e+02   3.3962448e+02   6.7924897e+02
   4.4500000e+02   3.4025649e+02   3.4025649e+02   6.8051297e+02
   4.4600000e+02   3.4089331e+02   3.4089331e+02   6.8178663e+02
   4.4700000e+02   3.4152873e+02   3.4152873e+02   6.8305745e+02
   4.4800000e+02   3.4215636e+02   3.4215636e+02   6.8431272e+02
   4.4900000e+02   3.4276972e+02   3.4276972e+02   6.8553943e+02
   4.5000000e+02   3.4336217e+02   3.4336217e+02   6.8672434e+02
   4.5100000e+02   3.4392696e+02   3.4392696e+02   6.8785392e+02
   4.5200000e+02   3.4446068e+02   3.4446068e+02   6.8892136e+02
   4.5300000e+02   3.4496887e+02   3.4496887e+02   6.8993774e+02
   4.5400000e+02   3.4545862e+02   3.4545862e+02   6.9091725e+02
   4.5500000e+02   3.4593714e+02   3.4593714e+02   6.9187427e+02
   4.5600000e+02   3.4641173e+02   3.4641173e+02   6.9282347e+02
   4.5700000e+02   3.4688987e+02   3.4688987e+02   6.9377974e+02
   4.5800000e+02   3.4737914e+02   3.4737914e+02   6.9475829e+02
   4.5900000e+02   3.4788729e+02   3.4788729e+02   6.9577459e+02
   4.6000000e+02   3.4842223e+02   3.4842223e+02   6.9684445e+02
   4.6100000e+02   3.4899202e+02   3.4899202e+02   6.9798404e+02
   4.6200000e+02   3.4960495e+02   3.4960495e+02   6.9920989e+02
   4.6300000e+02   3.5026947e+02   3.5026947e+02   7.0053895e+02
   4.6400000e+02   3.5099429e+02   3.5099429e+02   7.0198859e+02
   4.6500000e+02   3.5178835e+02   3.5178835e+02   7.0357669e+02
   4.6600000e+02   3.5266084e+02   3.5266084e+02   7.0532167e+02
   4.6700000e+02   3.5362126e+02   3.5362126e+02   7.0724252e+02
   4.6800000e+02   3.5467944e+02   3.5467944e+02   7.0935888e+02
   4.6900000e+02   3.5584555e+02   3.5584555e+02   7.1169110e+02
   4.7000000e+02   3.5713017e+02   3.5713017e+02   7.1426033e+02
   4.7100000e+02   3.5854430e+02   3.5854430e+02   7.1708860e+02
   4.7200000e+02   3.6009904e+02   3.6009904e+02   7.2019809e+02
   4.7300000e+02   3.6179949e+02   3.6179949e+02   7.2359899e+02
   4.7400000e+02   3.6364570e+02   3.6364570e+02   7.2729140e+02
   4.7500000e+02   3.6563771e+02   3.6563771e+02   7.3127542e+02
   4.7600000e+02   3.6777569e+02   3.6777569e+02   7.3555137e+02
   4.7700000e+02   3.7005987e+02   3.7005987e+02   7.4011975e+02
   4.7800000e+02   3.7249055e+02   3.7249055e+02   7.4498110e+02
   4.7900000e+02   3.7506797e+02   3.7506797e+02   7.5013593e+02
   4.8000000e+02   3.7779231e+02   3.7779231e+02   7.5558462e+02
   4.8100000e+02   3.8066362e+02   3.8066362e+02   7.6132723e+02
   4.8200000e+02   3.8368170e+02   3.8368170e+02   7.6736339e+02
   4.8300000e+02   3.8684605e+02   3.8684605e+02   7.7369210e+02
   4.8400000e+02   3.9015573e+02   3.9015573e+02   7.8031146e+02
   4.8500000e+02   3.9360925e+02   3.9360925e+02   7.8721850e+02
   4.8600000e+02   3.9720441e+02   3.9720441e+02   7.9440881e+02
   4.8700000e+02   4.0093811e+02   4.0093811e+02   8.0187622e+02
   4.8800000e+02   4.0480617e+02   4.0480617e+02   8.0961235e+02
   4.8900000e+02   4.0880309e+02   4.0880309e+02   8.1760618e+02
   4.9000000e+02   4.1292173e+02   4.1292173e+02   8.2584347e+02
   4.9100000e+02   4.1715303e+02   4.1715303e+02   8.3430607e+02
   4.9200000e+02   4.2148560e+02   4.2148560e+02   8.4297121e+02
   4.9300000e+02   4.2590530e+02   4.2590530e+02   8.5181060e+02
   4.9400000e+02   4.3039473e+02   4.3039473e+02   8.6078945e+02
   4.9500000e+02   4.3493264e+02   4.3493264e+02   8.6986528e+02
   4.9600000e+02   4.3949332e+02   4.3949332e+02   8.7898663e+02
   4.9700000e+02   4.4404487e+02   4.4404487e+02   8.8808974e+02
   4.9800000e+02   4.4854715e+02   4.4854715e+02   8.9709429e+02
   4.9900000e+02   4.5295500e+02   4.5295500e+02   9.0591001e+02
   5.0000000e+02   4.5721906e+02   4.5721906e+02   9.1443812e+02
   5.0100000e+02   4.6128580e+02   4.6128580e+02   9.2257160e+02
   5.0200000e+02   4.6509781e+02   4.6509781e+02   9.3019562e+02
   5.0300000e+02   4.6859417e+02   4.6859417e+02   9.3718833e+02
   5.0400000e+02   4.7171101e+02   4.7171101e+02   9.4342203e+02
   5.0500000e+02   4.7438237e+02   4.7438237e+02   9.4876475e+02
   5.0600000e+02   4.7654117e+02   4.7654117e+02   9.5308235e+02
   5.0700000e+02   4.7812053e+02   4.7812053e+02   9.5624105e+02
   5.0800000e+02   4.7905525e+02   4.7905525e+02   9.5811049e+02
   5.0900000e+02   4.7928359e+02   4.7928359e+02   9.5856719e+02
   5.1000000e+02   4.7874919e+02   4.7874919e+02   9.5749839e+02
   5.1100000e+02   4.7740309e+02   4.7740309e+02   9.5480618e+02
   5.1200000e+02   4.7520582e+02   4.7520582e+02   9.5041164e+02
   5.1300000e+02   4.7212942e+02   4.7212942e+02   9.4425883e+02
   5.1400000e+02   4.6815925e+02   4.6815925e+02   9.3631850e+02
   5.1500000e+02   4.6329551e+02   4.6329551e+02   9.2659102e+02
   5.1600000e+02   4.5755430e+02   4.5755430e+02   9.1510861e+02
   5.1700000e+02   4.5096815e+02   4.5096815e+02   9.0193630e+02
   5.1800000e+02   4.4358589e+02   4.4358589e+02   8.8717178e+02
   5.1900000e+02   4.3547195e+02   4.3547195e+02   8.7094390e+02
   5.2000000e+02   4.2670489e+02   4.2670489e+02   8.5340978e+02
   5.2100000e+02   4.1737545e+02   4.1737545e+02   8.3475091e+02
   5.2200000e+02   4.0758212e+02   4.0758212e+02   8.1516424e+02
   5.2300000e+02   3.9742088e+02   3.9742088e+02   7.9484176e+02
   5.2400000e+02   3.8698337e+02   3.8698337e+02   7.7396675e+02
   5.2500000e+02   3.7635614e+02   3.7635614e+02   7.5271229e+02
   5.2600000e+02   3.6561941e+02   3.6561941e+02   7.3123881e+02
   5.2700000e+02   3.5484621e+02   3.5484621e+02   7.0969241e+02
   5.2800000e+02   3.4410188e+02   3.4410188e+02   6.8820377e+02
   5.2900000e+02   3.3344382e+02   3.3344382e+02   6.6688764e+02
   5.3000000e+02   3.2292146e+02   3.2292146e+02   6.4584293e+02
   5.3100000e+02   3.1257652e+02   3.1257652e+02   6.2515304e+02
   5.3200000e+02   3.0244333e+02   3.0244333e+02   6.0488667e+02
   5.3300000e+02   2.9254940e+02   2.9254940e+02   5.8509880e+02
   5.3400000e+02   2.8291590e+02   2.8291590e+02   5.6583181e+02
   5.3500000e+02   2.7355836e+02   2.7355836e+02   5.4711672e+02
   5.3600000e+02   2.6448724e+02   2.6448724e+02   5.2897447e+02
   5.3700000e+02   2.5570857e+02   2.5570857e+02   5.1141714e+02
   5.3800000e+02   2.4722459e+02   2.4722459e+02   4.9444918e+02
   5.3900000e+02   2.3903426e+02   2.3903426e+02   4.7806853e+02
   5.4000000e+02   2.3113382e+02   2.3113382e+02   4.6226765e+02
   5.4100000e+02   2.2351725e+02   2.2351725e+02   4.4703450e+02
   5.4200000e+02   2.1617669e+02   2.1617669e+02   4.3235339e+02
   5.4300000e+02   2.0910284e+02   2.0910284e+02   4.1820568e+02
   5.4400000e+02   2.0228523e+02   2.0228523e+02   4.0457047e+02
   5.4500000e+02   1.9571258e+02   1.9571258e+02   3.9142516e+02
   5.4600000e+02   1.8937296e+02   1.8937296e+02   3.7874591e+02
   5.4700000e+02   1.8325403e+02   1.8325403e+02   3.6650806e+02
   5.4800000e+02   1.7734321e+02   1.7734321e+02   3.5468643e+02
   5.4900000e+02   1.7162786e+02   1.7162786e+02   3.4325572e+02
   5.5000000e+02   1.6609763e+02   1.6609763e+02   3.3219525e+02
   5.5100000e+02   1.6074542e+02   1.6074542e+02   3.2149084e+02
   5.5200000e+02   1.5556474e+02   1.5556474e+02   3.1112947e+02
   5.5300000e+02   1.5054944e+02   1.5054944e+02   3.0109887e+02
   5.5400000e+02   1.4569371e+02   1.4569371e+02   2.9138743e+02
   5.5500000e+02   1.4099209e+02   1.4099209e+02   2.8198417e+02
   5.5600000e+02   1.3643935e+02   1.3643935e+02   2.7287871e+02
   5.5700000e+02   1.3203060e+02   1.3203060e+02   2.6406121e+02
   5.5800000e+02   1.2776117e+02   1.2776117e+02   2.5552234e+02
   5.5900000e+02   1.2362663e+02   1.2362663e+02   2.4725327e+02
   5.6000000e+02   1.1962279e+02   1.1962279e+02   2.3924558e+02
   5.6100000e+02   1.1574565e+02   1.1574565e+02   2.3149130e+02
   5.6200000e+02   1.1199141e+02   1.1199141e+02   2.2398282e+02
   5.6300000e+02   1.0835645e+02   1.0835645e+02   2.1671291e+02
   5.6400000e+02   1.0483733e+02   1.0483733e+02   2.0967467e+02
   5.6500000e+02   1.0143076e+02   1.0143076e+02   2.0286151e+02
   5.6600000e+02   9.8133572e+01   9.8133572e+01   1.9626714e+02
   5.6700000e+02   9.4942773e+01   9.4942773e+01   1.8988555e+02
   5.6800000e+02   9.1855476e+01   9.1855476e+01   1.8371095e+02
   5.6900000e+02   8.8868915e+01   8.8868915e+01   1.7773783e+02
   5.7000000e+02   8.5980437e+01   8.5980437e+01   1.7196087e+02
   5.7100000e+02   8.3187489e+01   8.3187489e+01   1.6637498e+02
   5.7200000e+02   8.0487616e+01   8.0487616e+01   1.6097523e+02
   5.7300000e+02   7.7878451e+01   7.7878451e+01   1.5575690e+02
   5.7400000e+02   7.5357710e+01   7.5357710e+01   1.5071542e+02
   5.7500000e+02   7.2923189e+01   7.2923189e+01   1.4584638e+02
   5.7600000e+02   7.0572753e+01   7.0572753e+01   1.4114551e+02
   5.7700000e+02   6.8304336e+01   6.8304336e+01   1.3660867e+02
   5.7800000e+02   6.6115936e+01   6.6115936e+01   1.3223187e+02
   5.7900000e+02   6.4005608e+01   6.4005608e+01   1.2801122e+02
   5.8000000e+02   6.1971463e+01   6.1971463e+01   1.2394293e+02
   5.8100000e+02   6.0011661e+01   6.0011661e+01   1.2002332e+02
   5.8200000e+02   5.8124413e+01   5.8124413e+01   1.1624883e+02
   5.8300000e+02   5.6307854e+01   5.6307854e+01   1.1261571e+02
   5.8400000e+02   5.4559557e+01   5.4559557e+01   1.0911911e+02
   5.8500000e+02   5.2876951e+01   5.2876951e+01   1.0575390e+02
   5.8600000e+02   5.1257516e+01   5.1257516e+01   1.0251503e+02
   5.8700000e+02   4.9698794e+01   4.9698794e+01   9.9397588e+01
   5.8800000e+02   4.8198388e+01   4.8198388e+01   9.6396775e+01
   5.8900000e+02   4.6753963e+01   4.6753963e+01   9.3507925e+01
   5.9000000e+02   4.5363250e+01   4.5363250e+01   9.0726499e+01
   5.9100000e+02   4.4024045e+01   4.4024045e+01   8.8048090e+01
   5.9200000e+02   4.2734213e+01   4.2734213e+01   8.5468426e+01
   5.9300000e+02   4.1491683e+01   4.1491683e+01   8.2983367e+01
   5.9400000e+02   4.0294453e+01   4.0294453e+01   8.0588906e+01
   5.9500000e+02   3.9140586e+01   3.9140586e+01   7.8281172e+01
   5.9600000e+02   3.8028211e+01   3.8028211e+01   7.6056422e+01
   5.9700000e+02   3.6955523e+01   3.6955523e+01   7.3911047e+01
   5.9800000e+02   3.5920781e+01   3.5920781e+01   7.1841562e+01
   5.9900000e+02   3.4922305e+01   3.4922305e+01   6.9844609e+01
   6.0000000e+02   3.3958477e+01   3.3958477e+01   6.7916955e+01
   6.0100000e+02   3.3027742e+01   3.3027742e+01   6.6055484e+01
   6.0200000e+02   3.2128599e+01   3.2128599e+01   6.4257198e+01
   6.0300000e+02   3.1259607e+01   3.1259607e+01   6.2519215e+01
   6.0400000e+02   3.0419380e+01   3.0419380e+01   6.0838761e+01
   6.0500000e+02   2.9606585e+01   2.9606585e+01   5.9213171e+01
   6.0600000e+02   2.8819941e+01   2.8819941e+01   5.7639883e+01
   6.0700000e+02   2.8058218e+01   2.8058218e+01   5.6116435e+01
   6.0800000e+02   2.7320233e+01   2.7320233e+01   5.4640465e+01
   6.0900000e+02   2.6604851e+01   2.6604851e+01   5.3209702e+01
   6.1000000e+02   2.5910983e+01   2.5910983e+01   5.1821965e+01
   6.1100000e+02   2.5237581e+01   2.5237581e+01   5.0475162e+01
   6.1200000e+02   2.4583641e+01   2.4583641e+01   4.9167282e+01
   6.1300000e+02   2.3948198e+01   2.3948198e+01   4.7896396e+01
   6.1400000e+02   2.3330326e+01   2.3330326e+01   4.6660652e+01
   6.1500000e+02   2.2729136e+01   2.2729136e+01   4.5458271e+01
   6.1600000e+02   2.2143772e+01   2.2143772e+01   4.4287545e+01
   6.1700000e+02   2.1573417e+01   2.1573417e+01   4.3146834e+01
   6.1800000e+02   2.1017388e+01   2.1017388e+01   4.2034775e+01
   6.1900000e+02   2.0475289e+01   2.0475289e+01   4.0950578e+01
   6.2000000e+02   1.9946782e+01   1.9946782e+01   3.9893565e+01
   6.2100000e+02   1.9431541e+01   1.9431541e+01   3.8863082e+01
   6.2200000e+02   1.8929254e+01   1.8929254e+01   3.7858507e+01
   6.2300000e+02   1.8439620e+01   1.8439620e+01   3.6879239e+01
   6.2400000e+02   1.7962352e+01   1.7962352e+01   3.5924704e+01
   6.2500000e+02   1.7497174e+01   1.7497174e+01   3.4994347e+01
   6.2600000e+02   1.7043820e+01   1.7043820e+01   3.4087639e+01
   6.2700000e+02   1.6602035e+01   1.6602035e+01   3.3204070e+01
   6.2800000e+02   1.6171573e+01   1.6171573e+01   3.2343147e+01
   6.2900000e+02   1.5752200e+01   1.5752200e+01   3.1504399e+01
   6.3000000e+02   1.5343686e+01   1.5343686e+01   3.0687372e+01
   6.3100000e+02   1.4945814e+01   1.4945814e+01   2.9891629e+01
   6.3200000e+02   1.4558374e+01   1.4558374e+01   2.9116747e+01
   6.3300000e+02   1.4181161e+01   1.4181161e+01   2.8362321e+01
   6.3400000e+02   1.3813980e+01   1.3813980e+01   2.7627960e+01
   6.3500000e+02   1.3456642e+01   1.3456642e+01   2.6913284e+01
   6.3600000e+02   1.3108966e+01   1.3108966e+01   2.6217931e+01
   6.3700000e+02   1.2770774e+01   1.2770774e+01   2.5541548e+01
   6.3800000e+02   1.2441897e+01   1.2441897e+01   2.4883795e+01
   6.3900000e+02   1.2122172e+01   1.2122172e+01   2.4244343e+01
   6.4000000e+02   1.1811437e+01   1.1811437e+01   2.3622875e+01
   6.4100000e+02   1.1509541e+01   1.1509541e+01   2.3019083e+01
   6.4200000e+02   1.1216335e+01   1.1216335e+01   2.2432669e+01
   6.4300000e+02   1.0931673e+01   1.0931673e+01   2.1863346e+01
   6.4400000e+02   1.0655416e+01   1.0655416e+01   2.1310833e+01
   6.4500000e+02   1.0387430e+01   1.0387430e+01   2.0774860e+01
   6.4600000e+02   1.0127582e+01   1.0127582e+01   2.0255163e+01
   6.4700000e+02   9.8757439e+00   9.8757439e+00   1.9751488e+01
   6.4800000e+02   9.6317929e+00   9.6317929e+00   1.9263586e+01
   6.4900000e+02   9.3956080e+00   9.3956080e+00   1.8791216e+01
   6.5000000e+02   9.1670717e+00   9.1670717e+00   1.8334143e+01
   6.5100000e+02   8.9460699e+00   8.9460699e+00   1.7892140e+01
   6.5200000e+02   8.7324913e+00   8.7324913e+00   1.7464983e+01
   6.5300000e+02   8.5262275e+00   8.5262275e+00   1.7052455e+01
   6.5400000e+02   8.3271725e+00   8.3271725e+00   1.6654345e+01
   6.5500000e+02   8.1352232e+00   8.1352232e+00   1.6270446e+01
   6.5600000e+02   7.9502785e+00   7.9502785e+00   1.5900557e+01
   6.5700000e+02   7.7722398e+00   7.7722398e+00   1.5544480e+01
   6.5800000e+02   7.6010105e+00   7.6010105e+00   1.5202021e+01
   6.5900000e+02   7.4364960e+00   7.4364960e+00   1.4872992e+01
   6.6000000e+02   7.2785998e+00   7.2785998e+00   1.4557200e+01
   6.6100000e+02   7.1271463e+00   7.1271463e+00   1.4254293e+01
   6.6200000e+02   6.9818863e+00   6.9818863e+00   1.3963773e+01
   6.6300000e+02   6.8425752e+00   6.8425752e+00   1.3685150e+01
   6.6400000e+02   6.7089762e+00   6.7089762e+00   1.3417952e+01
   6.6500000e+02   6.5808602e+00   6.5808602e+00   1.3161720e+01
   6.6600000e+02   6.4580049e+00   6.4580049e+00   1.2916010e+01
   6.6700000e+02   6.3401956e+00   6.3401956e+00   1.2680391e+01
   6.6800000e+02   6.2272241e+00   6.2272241e+00   1.2454448e+01
   6.6900000e+02   6.1188889e+00   6.1188889e+00   1.2237778e+01
   6.7000000e+02   6.0149950e+00   6.0149950e+00   1.2029990e+01
   6.7100000e+02   5.9153536e+00   5.9153536e+00   1.1830707e+01
   6.7200000e+02   5.8197819e+00   5.8197819e+00   1.1639564e+01
   6.7300000e+02   5.7281030e+00   5.7281030e+00   1.1456206e+01
   6.7400000e+02   5.6401455e+00   5.6401455e+00   1.1280291e+01
   6.7500000e+02   5.5557438e+00   5.5557438e+00   1.1111488e+01
   6.7600000e+02   5.4747373e+00   5.4747373e+00   1.0949475e+01
   6.7700000e+02   5.3969708e+00   5.3969708e+00   1.0793942e+01
   6.7800000e+02   5.3222941e+00   5.3222941e+00   1.0644588e+01
   6.7900000e+02   5.2505616e+00   5.2505616e+00   1.0501123e+01
   6.8000000e+02   5.1816325e+00   5.1816325e+00   1.0363265e+01
   6.8100000e+02   5.1153708e+00   5.1153708e+00   1.0230742e+01
   6.8200000e+02   5.0516445e+00   5.0516445e+00   1.0103289e+01
   6.8300000e+02   4.9903261e+00   4.9903261e+00   9.9806522e+00
   6.8400000e+02   4.9312923e+00   4.9312923e+00   9.8625845e+00
   6.8500000e+02   4.8744235e+00   4.8744235e+00   9.7488470e+00
   6.8600000e+02   4.8196043e+00   4.8196043e+00   9.6392087e+00
   6.8700000e+02   4.7667230e+00   4.7667230e+00   9.5334460e+00
   6.8800000e+02   4.7156713e+00   4.7156713e+00   9.4313427e+00
   6.8900000e+02   4.6663448e+00   4.6663448e+00   9.3326895e+00
   6.9000000e+02   4.6186421e+00   4.6186421e+00   9.2372842e+00
   6.9100000e+02   4.5724655e+00   4.5724655e+00   9.1449311e+00
   6.9200000e+02   4.5277204e+00   4.5277204e+00   9.0554407e+00
   6.9300000e+02   4.4843150e+00   4.4843150e+00   8.9686301e+00
   6.9400000e+02   4.4421610e+00   4.4421610e+00   8.8843220e+00
   6.9500000e+02   4.4011727e+00   4.4011727e+00   8.8023454e+00
   6.9600000e+02   4.3612673e+00   4.3612673e+00   8.7225346e+00
   6.9700000e+02   4.3223648e+00   4.3223648e+00   8.6447295e+00
   6.9800000e+02   4.2843877e+00   4.2843877e+00   8.5687753e+00
   6.9900000e+02   4.2472612e+00   4.2472612e+00   8.4945224e+00
   7.0000000e+02   4.2109130e+00   4.2109130e+00   8.4218260e+00
   7.0100000e+02   4.1752732e+00   4.1752732e+00   8.3505463e+00
   7.0200000e+02   4.1402741e+00   4.1402741e+00   8.2805482e+00
   7.0300000e+02   4.1058505e+00   4.1058505e+00   8.2117009e+00
   7.0400000e+02   4.0719391e+00   4.0719391e+00   8.1438783e+00
   7.0500000e+02   4.0384806e+00   4.0384806e+00   8.0769612e+00
   7.0600000e+02   4.0054453e+00   4.0054453e+00   8.0108906e+00
   7.0700000e+02   3.9728293e+00   3.9728293e+00   7.9456587e+00
   7.0800000e+02   3.9406297e+00   3.9406297e+00   7.8812594e+00
   7.0900000e+02   3.9088433e+00   3.9088433e+00   7.8176866e+00
   7.1000000e+02   3.8774672e+00   3.8774672e+00   7.7549344e+00
   7.1100000e+02   3.8464983e+00   3.8464983e+00   7.6929966e+00
   7.1200000e+02   3.8159336e+00   3.8159336e+00   7.6318673e+00
   7.1300000e+02   3.7857702e+00   3.7857702e+00   7.5715405e+00
   7.1400000e+02   3.7560051e+00   3.7560051e+00   7.5120102e+00
   7.1500000e+02   3.7266352e+00   3.7266352e+00   7.4532704e+00
   7.1600000e+02   3.6976576e+00   3.6976576e+00   7.3953152e+00
   7.1700000e+02   3.6690694e+00   3.6690694e+00   7.3381387e+00
   7.1800000e+02   3.6408675e+00   3.6408675e+00   7.2817350e+00
   7.1900000e+02   3.6130491e+00   3.6130491e+00   7.2260982e+00
   7.2000000e+02   3.5856112e+00   3.5856112e+00   7.1712224e+00
   7.2100000e+02   3.5585510e+00   3.5585510e+00   7.1171019e+00
   7.2200000e+02   3.5318654e+00   3.5318654e+00   7.0637308e+00
   7.2300000e+02   3.5055517e+00   3.5055517e+00   7.0111033e+00
   7.2400000e+02   3.4796069e+00   3.4796069e+00   6.9592138e+00
   7.2500000e+02   3.4540282e+00   3.4540282e+00   6.9080563e+00
   7.2600000e+02   3.4288127e+00   3.4288127e+00   6.8576254e+00
   7.2700000e+02   3.4039576e+00   3.4039576e+00   6.8079152e+00
   7.2800000e+02   3.3794601e+00   3.3794601e+00   6.7589201e+00
   7.2900000e+02   3.3553173e+00   3.3553173e+00   6.7106346e+00
   7.3000000e+02   3.3315265e+00   3.3315265e+00   6.6630529e+00
   7.3100000e+02   3.3080848e+00   3.3080848e+00   6.6161696e+00
   7.3200000e+02   3.2849896e+00   3.2849896e+00   6.5699791e+00
   7.3300000e+02   3.2622380e+00   3.2622380e+00   6.5244759e+00
   7.3400000e+02   3.2398273e+00   3.2398273e+00   6.4796546e+00
   7.3500000e+02   3.2177548e+00   3.2177548e+00   6.4355096e+00
   7.3600000e+02   3.1960178e+00   3.1960178e+00   6.3920355e+00
   7.3700000e+02   3.1746135e+00   3.1746135e+00   6.3492270e+00
   7.3800000e+02   3.1535393e+00   3.1535393e+00   6.3070787e+00
   7.3900000e+02   3.1327926e+00   3.1327926e+00   6.2655852e+00
   7.4000000e+02   3.1123706e+00   3.1123706e+00   6.2247413e+00
   7.4100000e+02   3.0922708e+00   3.0922708e+00   6.1845416e+00
   7.4200000e+02   3.0724905e+00   3.0724905e+00   6.1449809e+00
   7.4300000e+02   3.0530270e+00   3.0530270e+00   6.1060540e+00
   7.4400000e+02   3.0338779e+00   3.0338779e+00   6.0677557e+00
   7.4500000e+02   3.0150404e+00   3.0150404e+00   6.0300809e+00
   7.4600000e+02   2.9965121e+00   2.9965121e+00   5.9930243e+00
   7.4700000e+02   2.9782905e+00   2.9782905e+00   5.9565809e+00
   7.4800000e+02   2.9603728e+00   2.9603728e+00   5.9207457e+00
   7.4900000e+02   2.9427567e+00   2.9427567e+00   5.8855135e+00
   7.5000000e+02   2.9254397e+00   2.9254397e+00   5.8508793e+00
   7.5100000e+02   2.9084191e+00   2.9084191e+00   5.8168382e+00
   7.5200000e+02   2.8916926e+00   2.8916926e+00   5.7833852e+00
   7.5300000e+02   2.8752576e+00   2.8752576e+00   5.7505153e+00
   7.5400000e+02   2.8591118e+00   2.8591118e+00   5.7182237e+00
   7.5500000e+02   2.8432527e+00   2.8432527e+00   5.6865054e+00
   7.5600000e+02   2.8276778e+00   2.8276778e+00   5.6553556e+00
   7.5700000e+02   2.8123833e+00   2.8123833e+00   5.6247666e+00
   7.5800000e+02   2.7973599e+00   2.7973599e+00   5.5947197e+00
   7.5900000e+02   2.7825968e+00   2.7825968e+00   5.5651936e+00
   7.6000000e+02   2.7680838e+00   2.7680838e+00   5.5361677e+00
   7.6100000e+02   2.7538109e+00   2.7538109e+00   5.5076218e+00
   7.6200000e+02   2.7397682e+00   2.7397682e+00   5.4795364e+00
   7.6300000e+02   2.7259461e+00   2.7259461e+00   5.4518922e+00
   7.6400000e+02   2.7123354e+00   2.7123354e+00   5.4246707e+00
   7.6500000e+02   2.6989269e+00   2.6989269e+00   5.3978537e+00
   7.6600000e+02   2.6857117e+00   2.6857117e+00   5.3714235e+00
   7.6700000e+02   2.6726813e+00   2.6726813e+00   5.3453627e+00
   7.6800000e+02   2.6598273e+00   2.6598273e+00   5.3196546e+00
   7.6900000e+02   2.6471413e+00   2.6471413e+00   5.2942827e+00
   7.7000000e+02   2.6346155e+00   2.6346155e+00   5.2692311e+00
   7.7100000e+02   2.6222421e+00   2.6222421e+00   5.2444841e+00
   7.7200000e+02   2.6100133e+00   2.6100133e+00   5.2200267e+00
   7.7300000e+02   2.5979220e+00   2.5979220e+00   5.1958440e+00
   7.7400000e+02   2.5859608e+00   2.5859608e+00   5.1719216e+00
   7.7500000e+02   2.5741227e+00   2.5741227e+00   5.1482455e+00
   7.7600000e+02   2.5624010e+00   2.5624010e+00   5.1248020e+00
   7.7700000e+02   2.5507889e+00   2.5507889e+00   5.1015778e+00
   7.7800000e+02   2.5392799e+00   2.5392799e+00   5.0785599e+00
   7.7900000e+02   2.5278678e+00   2.5278678e+00   5.0557357e+00
   7.8000000e+02   2.5165464e+00   2.5165464e+00   5.0330928e+00
   7.8100000e+02   2.5053097e+00   2.5053097e+00   5.0106194e+00
   7.8200000e+02   2.4941519e+00   2.4941519e+00   4.9883037e+00
   7.8300000e+02   2.4830672e+00   2.4830672e+00   4.9661345e+00
   7.8400000e+02   2.4720503e+00   2.4720503e+00   4.9441006e+00
   7.8500000e+02   2.4610956e+00   2.4610956e+00   4.9221912e+00
   7.8600000e+02   2.4501980e+00   2.4501980e+00   4.9003960e+00
   7.8700000e+02   2.4393524e+00   2.4393524e+00   4.8787048e+00
   7.8800000e+02   2.4285538e+00   2.4285538e+00   4.8571075e+00
   7.8900000e+02   2.4177973e+00   2.4177973e+00   4.8355947e+00
   7.9000000e+02   2.4070784e+00   2.4070784e+00   4.8141568e+00
   7.9100000e+02   2.3963924e+00   2.3963924e+00   4.7927849e+00
   7.9200000e+02   2.3857350e+00   2.3857350e+00   4.7714700e+00
   7.9300000e+02   2.3751017e+00   2.3751017e+00   4.7502034e+00
   7.9400000e+02   2.3644885e+00   2.3644885e+00   4.7289769e+00
   7.9500000e+02   2.3538911e+00   2.3538911e+00   4.7077823e+00
   7.9600000e+02   2.3433058e+00   2.3433058e+00   4.6866116e+00
   7.9700000e+02   2.3327286e+00   2.3327286e+00   4.6654571e+00
   7.9800000e+02   2.3221557e+00   2.3221557e+00   4.6443114e+00
   7.9900000e+02   2.3115836e+00   2.3115836e+00   4.6231672e+00
   8.0000000e+02   2.3010087e+00   2.3010087e+00   4.6020175e+00
   8.0100000e+02   2.2904277e+00   2.2904277e+00   4.5808554e+00
   8.0200000e+02   2.2798371e+00   2.2798371e+00   4.5596742e+00
   8.0300000e+02   2.2692338e+00   2.2692338e+00   4.5384675e+00
   8.0400000e+02   2.2586146e+00   2.2586146e+00   4.5172291e+00
   8.0500000e+02   2.2479764e+00   2.2479764e+00   4.4959529e+00
   8.0600000e+02   2.2373164e+00   2.2373164e+00   4.4746329e+00
   8.0700000e+02   2.2266317e+00   2.2266317e+00   4.4532635e+00
   8.0800000e+02   2.2159196e+00   2.2159196e+00   4.4318391e+00
   8.0900000e+02   2.2051772e+00   2.2051772e+00   4.4103544e+00
   8.1000000e+02   2.1944021e+00   2.1944021e+00   4.3888041e+00
   8.1100000e+02   2.1835917e+00   2.1835917e+00   4.3671833e+00
   8.1200000e+02   2.1727435e+00   2.1727435e+00   4.3454870e+00
   8.1300000e+02   2.1618553e+00   2.1618553e+00   4.3237106e+00
   8.1400000e+02   2.1509247e+00   2.1509247e+00   4.3018494e+00
   8.1500000e+02   2.1399495e+00   2.1399495e+00   4.2798991e+00
   8.1600000e+02   2.1289277e+00   2.1289277e+00   4.2578553e+00
   8.1700000e+02   2.1178570e+00   2.1178570e+00   4.2357140e+00
   8.1800000e+02   2.1067356e+00   2.1067356e+00   4.2134712e+00
   8.1900000e+02   2.0955615e+00   2.0955615e+00   4.1911230e+00
   8.2000000e+02   2.0843328e+00   2.0843328e+00   4.1686656e+00
   8.2100000e+02   2.0730478e+00   2.0730478e+00   4.1460956e+00
   8.2200000e+02   2.0617058e+00   2.0617058e+00   4.1234116e+00
   8.2300000e+02   2.0503121e+00   2.0503121e+00   4.1006242e+00
   8.2400000e+02   2.0388737e+00   2.0388737e+00   4.0777474e+00
   8.2500000e+02   2.0273974e+00   2.0273974e+00   4.0547948e+00
   8.2600000e+02   2.0158898e+00   2.0158898e+00   4.0317796e+00
   8.2700000e+02   2.0043575e+00   2.0043575e+00   4.0087149e+00
   8.2800000e+02   1.9928066e+00   1.9928066e+00   3.9856132e+00
   8.2900000e+02   1.9812435e+00   1.9812435e+00   3.9624870e+00
   8.3000000e+02   1.9696740e+00   1.9696740e+00   3.9393481e+00
   8.3100000e+02   1.9581041e+00   1.9581041e+00   3.9162082e+00
   8.3200000e+02   1.9465394e+00   1.9465394e+00   3.8930789e+00
   8.3300000e+02   1.9349855e+00   1.9349855e+00   3.8699711e+00
   8.3400000e+02   1.9234478e+00   1.9234478e+00   3.8468956e+00
   8.3500000e+02   1.9119316e+00   1.9119316e+00   3.8238631e+00
   8.3600000e+02   1.9004419e+00   1.9004419e+00   3.8008837e+00
   8.3700000e+02   1.8889837e+00   1.8889837e+00   3.7779675e+00
   8.3800000e+02   1.8775620e+00   1.8775620e+00   3.7551240e+00
   8.3900000e+02   1.8661815e+00   1.8661815e+00   3.7323629e+00
   8.4000000e+02   1.8548466e+00   1.8548466e+00   3.7096933e+00
   8.4100000e+02   1.8435620e+00   1.8435620e+00   3.6871240e+00
   8.4200000e+02   1.8323320e+00   1.8323320e+00   3.6646640e+00
   8.4300000e+02   1.8211607e+00   1.8211607e+00   3.6423215e+00
   8.4400000e+02   1.8100524e+00   1.8100524e+00   3.6201048e+00
   8.4500000e+02   1.7990110e+00   1.7990110e+00   3.5980220e+00
   8.4600000e+02   1.7880404e+00   1.7880404e+00   3.5760807e+00
   8.4700000e+02   1.7771443e+00   1.7771443e+00   3.5542887e+00
   8.4800000e+02   1.7663266e+00   1.7663266e+00   3.5326531e+00
   8.4900000e+02   1.7555906e+00   1.7555906e+00   3.5111812e+00
   8.5000000e+02   1.7449400e+00   1.7449400e+00   3.4898799e+00
   8.5100000e+02   1.7343779e+00   1.7343779e+00   3.4687559e+00
   8.5200000e+02   1.7239079e+00   1.7239079e+00   3.4478157e+00
   8.5300000e+02   1.7135329e+00   1.7135329e+00   3.4270657e+00
   8.5400000e+02   1.7032560e+00   1.7032560e+00   3.4065121e+00
   8.5500000e+02   1.6930804e+00   1.6930804e+00   3.3861607e+00
   8.5600000e+02   1.6830087e+00   1.6830087e+00   3.3660175e+00
   8.5700000e+02   1.6730440e+00   1.6730440e+00   3.3460880e+00
   8.5800000e+02   1.6631888e+00   1.6631888e+00   3.3263777e+00
   8.5900000e+02   1.6534459e+00   1.6534459e+00   3.3068918e+00
   8.6000000e+02   1.6438178e+00   1.6438178e+00   3.2876355e+00
   8.6100000e+02   1.6343069e+00   1.6343069e+00   3.2686138e+00
   8.6200000e+02   1.6249157e+00   1.6249157e+00   3.2498314e+00
   8.6300000e+02   1.6156465e+00   1.6156465e+00   3.2312930e+00
   8.6400000e+02   1.6065016e+00   1.6065016e+00   3.2130032e+00
   8.6500000e+02   1.5974831e+00   1.5974831e+00   3.1949662e+00
   8.6600000e+02   1.5885932e+00   1.5885932e+00   3.1771863e+00
   8.6700000e+02   1.5798338e+00   1.5798338e+00   3.1596676e+00
   8.6800000e+02   1.5712070e+00   1.5712070e+00   3.1424141e+00
   8.6900000e+02   1.5627148e+00   1.5627148e+00   3.1254295e+00
   8.7000000e+02   1.5543588e+00   1.5543588e+00   3.1087176e+00
   8.7100000e+02   1.5461410e+00   1.5461410e+00   3.0922820e+00
   8.7200000e+02   1.5380630e+00   1.5380630e+00   3.0761260e+00
   8.7300000e+02   1.5301265e+00   1.5301265e+00   3.0602531e+00
   8.7400000e+02   1.5223332e+00   1.5223332e+00   3.0446664e+00
   8.7500000e+02   1.5146845e+00   1.5146845e+00   3.0293691e+00
   8.7600000e+02   1.5071821e+00   1.5071821e+00   3.0143641e+00
   8.7700000e+02   1.4998272e+00   1.4998272e+00   2.9996544e+00
   8.7800000e+02   1.4926214e+00   1.4926214e+00   2.9852427e+00
   8.7900000e+02   1.4855659e+00   1.4855659e+00   2.9711318e+00
   8.8000000e+02   1.4786621e+00   1.4786621e+00   2.9573242e+00
   8.8100000e+02   1.4719112e+00   1.4719112e+00   2.9438224e+00
   8.8200000e+02   1.4653144e+00   1.4653144e+00   2.9306288e+00
   8.8300000e+02   1.4588729e+00   1.4588729e+00   2.9177459e+00
   8.8400000e+02   1.4525878e+00   1.4525878e+00   2.9051757e+00
   8.8500000e+02   1.4464602e+00   1.4464602e+00   2.8929204e+00
   8.8600000e+02   1.4404911e+00   1.4404911e+00   2.8809822e+00
   8.8700000e+02   1.4346814e+00   1.4346814e+00   2.8693629e+00
   8.8800000e+02   1.4290323e+00   1.4290323e+00   2.8580645e+00
   8.8900000e+02   1.4235444e+00   1.4235444e+00   2.8470889e+00
   8.9000000e+02   1.4182189e+00   1.4182189e+00   2.8364377e+00
   8.9100000e+02   1.4130564e+00   1.4130564e+00   2.8261128e+00
   8.9200000e+02   1.4080578e+00   1.4080578e+00   2.8161156e+00
   8.9300000e+02   1.4032229e+00   1.4032229e+00   2.8064458e+00
   8.9400000e+02   1.3985479e+00   1.3985479e+00   2.7970958e+00
   8.9500000e+02   1.3940281e+00   1.3940281e+00   2.7880563e+00
   8.9600000e+02   1.3896592e+00   1.3896592e+00   2.7793183e+00
   8.9700000e+02   1.3854365e+00   1.3854365e+00   2.7708730e+00
   8.9800000e+02   1.3813559e+00   1.3813559e+00   2.7627118e+00
   8.9900000e+02   1.3774131e+00   1.3774131e+00   2.7548261e+00
   9.0000000e+02   1.3736038e+00   1.3736038e+00   2.7472077e+00
   9.0100000e+02   1.3699241e+00   1.3699241e+00   2.7398482e+00
   9.0200000e+02   1.3663699e+00   1.3663699e+00   2.7327398e+00
   9.0300000e+02   1.3629372e+00   1.3629372e+00   2.7258745e+00
   9.0400000e+02   1.3596223e+00   1.3596223e+00   2.7192446e+00
   9.0500000e+02   1.3564213e+00   1.3564213e+00   2.7128426e+00
   9.0600000e+02   1.3533305e+00   1.3533305e+00   2.7066610e+00
   9.0700000e+02   1.3503462e+00   1.3503462e+00   2.7006924e+00
   9.0800000e+02   1.3474649e+00   1.3474649e+00   2.6949298e+00
   9.0900000e+02   1.3446831e+00   1.3446831e+00   2.6893662e+00
   9.1000000e+02   1.3419973e+00   1.3419973e+00   2.6839945e+00
   9.1100000e+02   1.3394041e+00   1.3394041e+00   2.6788082e+00
   9.1200000e+02   1.3369002e+00   1.3369002e+00   2.6738004e+00
   9.1300000e+02   1.3344824e+00   1.3344824e+00   2.6689647e+00
   9.1400000e+02   1.3321474e+00   1.3321474e+00   2.6642947e+00
   9.1500000e+02   1.3298921e+00   1.3298921e+00   2.6597842e+00
   9.1600000e+02   1.3277134e+00   1.3277134e+00   2.6554268e+00
   9.1700000e+02   1.3256084e+00   1.3256084e+00   2.6512167e+00
   9.1800000e+02   1.3235739e+00   1.3235739e+00   2.6471478e+00
   9.1900000e+02   1.3216072e+00   1.3216072e+00   2.6432144e+00
   9.2000000e+02   1.3197053e+00   1.3197053e+00   2.6394107e+00
   9.2100000e+02   1.3178655e+00   1.3178655e+00   2.6357310e+00
   9.2200000e+02   1.3160850e+00   1.3160850e+00   2.6321699e+00
   9.2300000e+02   1.3143610e+00   1.3143610e+00   2.6287220e+00
   9.2400000e+02   1.3126909e+00   1.3126909e+00   2.6253819e+00
   9.2500000e+02   1.3110722e+00   1.3110722e+00   2.6221444e+00
   9.2600000e+02   1.3095022e+00   1.3095022e+00   2.6190044e+00
   9.2700000e+02   1.3079784e+00   1.3079784e+00   2.6159568e+00
   9.2800000e+02   1.3064984e+00   1.3064984e+00   2.6129968e+00
   9.2900000e+02   1.3050597e+00   1.3050597e+00   2.6101195e+00
   9.3000000e+02   1.3036600e+00   1.3036600e+00   2.6073200e+00
   9.3100000e+02   1.3022969e+00   1.3022969e+00   2.6045938e+00
   9.3200000e+02   1.3009681e+00   1.3009681e+00   2.6019363e+00
   9.3300000e+02   1.2996714e+00   1.2996714e+00   2.5993429e+00
   9.3400000e+02   1.2984046e+00   1.2984046e+00   2.5968092e+00
   9.3500000e+02   1.2971655e+00   1.2971655e+00   2.5943309e+00
   9.3600000e+02   1.2959519e+00   1.2959519e+00   2.5919038e+00
   9.3700000e+02   1.2947618e+00   1.2947618e+00   2.5895235e+00
   9.3800000e+02   1.2935931e+00   1.2935931e+00   2.5871861e+00
   9.3900000e+02   1.2924438e+00   1.2924438e+00   2.5848875e+00
   9.4000000e+02   1.2913119e+00   1.2913119e+00   2.5826237e+00
   9.4100000e+02   1.2901955e+00   1.2901955e+00   2.5803909e+00
   9.4200000e+02   1.2890926e+00   1.2890926e+00   2.5781853e+00
   9.4300000e+02   1.2880015e+00   1.2880015e+00   2.5760030e+00
   9.4400000e+02   1.2869202e+00   1.2869202e+00   2.5738405e+00
   9.4500000e+02   1.2858470e+00   1.2858470e+00   2.5716941e+00
   9.4600000e+02   1.2847801e+00   1.2847801e+00   2.5695602e+00
   9.4700000e+02   1.2837177e+00   1.2837177e+00   2.5674355e+00
   9.4800000e+02   1.2826582e+00   1.2826582e+00   2.5653165e+00
   9.4900000e+02   1.2815999e+00   1.2815999e+00   2.5631998e+00
   9.5000000e+02   1.2805411e+00   1.2805411e+00   2.5610822e+00
   9.5100000e+02   1.2794802e+00   1.2794802e+00   2.5589605e+00
   9.5200000e+02   1.2784157e+00   1.2784157e+00   2.5568315e+00
   9.5300000e+02   1.2773460e+00   1.2773460e+00   2.5546920e+00
   9.5400000e+02   1.2762696e+00   1.2762696e+00   2.5525391e+00
   9.5500000e+02   1.2751849e+00   1.2751849e+00   2.5503699e+00
   9.5600000e+02   1.2740906e+00   1.2740906e+00   2.5481812e+00
   9.5700000e+02   1.2729852e+00   1.2729852e+00   2.5459704e+00
   9.5800000e+02   1.2718672e+00   1.2718672e+00   2.5437345e+00
   9.5900000e+02   1.2707354e+00   1.2707354e+00   2.5414708e+00
   9.6000000e+02   1.2695883e+00   1.2695883e+00   2.5391767e+00
   9.6100000e+02   1.2684247e+00   1.2684247e+00   2.5368494e+00
   9.6200000e+02   1.2672432e+00   1.2672432e+00   2.5344864e+00
   9.6300000e+02   1.2660425e+00   1.2660425e+00   2.5320851e+00
   9.6400000e+02   1.2648215e+00   1.2648215e+00   2.5296430e+00
   9.6500000e+02   1.2635788e+00   1.2635788e+00   2.5271577e+00
   9.6600000e+02   1.2623134e+00   1.2623134e+00   2.5246268e+00
   9.6700000e+02   1.2610239e+00   1.2610239e+00   2.5220479e+00
   9.6800000e+02   1.2597094e+00   1.2597094e+00   2.5194187e+00
   9.6900000e+02   1.2583685e+00   1.2583685e+00   2.5167371e+00
   9.7000000e+02   1.2570003e+00   1.2570003e+00   2.5140007e+00
   9.7100000e+02   1.2556037e+00   1.2556037e+00   2.5112074e+00
   9.7200000e+02   1.2541776e+00   1.2541776e+00   2.5083552e+00
   9.7300000e+02   1.2527209e+00   1.2527209e+00   2.5054419e+00
   9.7400000e+02   1.2512328e+00   1.2512328e+00   2.5024655e+00
   9.7500000e+02   1.2497120e+00   1.2497120e+00   2.4994241e+00
   9.7600000e+02   1.2481578e+00   1.2481578e+00   2.4963157e+00
   9.7700000e+02   1.2465692e+00   1.2465692e+00   2.4931384e+00
   9.7800000e+02   1.2449452e+00   1.2449452e+00   2.4898904e+00
   9.7900000e+02   1.2432849e+00   1.2432849e+00   2.4865698e+00
   9.8000000e+02   1.2415875e+00   1.2415875e+00   2.4831750e+00
   9.8100000e+02   1.2398521e+00   1.2398521e+00   2.4797041e+00
   9.8200000e+02   1.2380778e+00   1.2380778e+00   2.4761555e+00
   9.8300000e+02   1.2362638e+00   1.2362638e+00   2.4725276e+00
   9.8400000e+02   1.2344093e+00   1.2344093e+00   2.4688187e+00
   9.8500000e+02   1.2325140e+00   1.2325140e+00   2.4650279e+00
   9.8600000e+02   1.2305786e+00   1.2305786e+00   2.4611572e+00
   9.8700000e+02   1.2286044e+00   1.2286044e+00   2.4572088e+00
   9.8800000e+02   1.2265926e+00   1.2265926e+00   2.4531853e+00
   9.8900000e+02   1.2245445e+00   1.2245445e+00   2.4490890e+00
   9.9000000e+02   1.2224611e+00   1.2224611e+00   2.4449223e+00
   9.9100000e+02   1.2203437e+00   1.2203437e+00   2.4406875e+00
   9.9200000e+02   1.2181934e+00   1.2181934e+00   2.4363869e+00
   9.9300000e+02   1.2160114e+00   1.2160114e+00   2.4320227e+00
   9.9400000e+02   1.2137986e+00   1.2137986e+00   2.4275972e+00
   9.9500000e+02   1.2115563e+00   1.2115563e+00   2.4231125e+00
   9.9600000e+02   1.2092854e+00   1.2092854e+00   2.4185708e+00
   9.9700000e+02   1.2069871e+00   1.2069871e+00   2.4139742e+00
   9.9800000e+02   1.2046624e+00   1.2046624e+00   2.4093248e+00
   9.9900000e+02   1.2023123e+00   1.2023123e+00   2.4046246e+00
   1.0000000e+03   1.1999379e+00   1.1999379e+00   2.3998757e+00
