   4.0000000e+02   1.5858096e+03   1.5858096e+03   3.1716192e+03
   4.0100000e+02   1.5828784e+03   1.5828784e+03   3.1657567e+03
   4.0200000e+02   1.5799202e+03   1.5799202e+03   3.1598403e+03
   4.0300000e+02   1.5769319e+03   1.5769319e+03   3.1538637e+03
   4.0400000e+02   1.5739102e+03   1.5739102e+03   3.1478204e+03
   4.0500000e+02   1.5708518e+03   1.5708518e+03   3.1417037e+03
   4.0600000e+02   1.5677533e+03   1.5677533e+03   3.1355067e+03
   4.0700000e+02   1.5646112e+03   1.5646112e+03   3.1292224e+03
   4.0800000e+02   1.5614219e+03   1.5614219e+03   3.1228438e+03
   4.0900000e+02   1.5581818e+03   1.5581818e+03   3.1163637e+03
   4.1000000e+02   1.5548874e+03   1.5548874e+03   3.1097748e+03
   4.1100000e+02   1.5515349e+03   1.5515349e+03   3.1030698e+03
   4.1200000e+02   1.5481207e+03   1.5481207e+03   3.0962414e+03
   4.1300000e+02   1.5446411e+03   1.5446411e+03   3.0892822e+03
   4.1400000e+02   1.5410927e+03   1.5410927e+03   3.0821854e+03
   4.1500000e+02   1.5374754e+03   1.5374754e+03   3.0749508e+03
   4.1600000e+02   1.5337910e+03   1.5337910e+03   3.0675820e+03
   4.1700000e+02   1.5300415e+03   1.5300415e+03   3.0600830e+03
   4.1800000e+02   1.5262289e+03   1.5262289e+03   3.0524577e+03
   4.1900000e+02   1.5223553e+03   1.5223553e+03   3.0447106e+03
   4.2000000e+02   1.5184229e+03   1.5184229e+03   3.0368459e+03
   4.2100000e+02   1.5144342e+03   1.5144342e+03   3.0288683e+03
   4.2200000e+02   1.5103913e+03   1.5103913e+03   3.0207825e+03
   4.2300000e+02   1.5062967e+03   1.5062967e+03   3.0125933e+03
   4.2400000e+02   1.5021528e+03   1.5021528e+03   3.0043056e+03
   4.2500000e+02   1.4979621e+03   1.4979621e+03   2.9959241e+03
   4.2600000e+02   1.4937268e+03   1.4937268e+03   2.9874536e+03
   4.2700000e+02   1.4894493e+03   1.4894493e+03   2.9788986e+03
   4.2800000e+02   1.4851317e+03   1.4851317e+03   2.9702635e+03
   4.2900000e+02   1.4807760e+03   1.4807760e+03   2.9615521e+03
   4.3000000e+02   1.4763840e+03   1.4763840e+03   2.9527680e+03
   4.3100000e+02   1.4719570e+03   1.4719570e+03   2.9439139e+03
   4.3200000e+02   1.4674935e+03   1.4674935e+03   2.9349870e+03
   4.3300000e+02   1.4629895e+03   1.4629895e+03   2.9259791e+03
   4.3400000e+02   1.4584408e+03   1.4584408e+03   2.9168815e+03
   4.3500000e+02   1.4538429e+03   1.4538429e+03   2.9076858e+03
   4.3600000e+02   1.4491917e+03   1.4491917e+03   2.8983835e+03
   4.3700000e+02   1.4444831e+03   1.4444831e+03   2.8889662e+03
   4.3800000e+02   1.4397130e+03   1.4397130e+03   2.8794259e+03
   4.3900000e+02   1.4348775e+03   1.4348775e+03   2.8697549e+03
   4.4000000e+02   1.4299730e+03   1.4299730e+03   2.8599460e+03
   4.4100000e+02   1.4249961e+03   1.4249961e+03   2.8499922e+03
   4.4200000e+02   1.4199437e+03   1.4199437e+03   2.8398873e+03
   4.4300000e+02   1.4148128e+03   1.4148128e+03   2.8296256e+03
   4.4400000e+02   1.4096009e+03   1.4096009e+03   2.8192019e+03
   4.4500000e+02   1.4043059e+03   1.4043059e+03   2.8086117e+03
   4.4600000e+02   1.3989256e+03   1.3989256e+03   2.7978513e+03
   4.4700000e+02   1.3934587e+03   1.3934587e+03   2.7869174e+03
   4.4800000e+02   1.3879037e+03   1.3879037e+03   2.7758075e+03
   4.4900000e+02   1.3822599e+03   1.3822599e+03   2.7645198e+03
   4.5000000e+02   1.3765265e+03   1.3765265e+03   2.7530530e+03
   4.5100000e+02   1.3707033e+03   1.3707033e+03   2.7414066e+03
   4.5200000e+02   1.3647921e+03   1.3647921e+03   2.7295842e+03
   4.5300000e+02   1.3587994e+03   1.3587994e+03   2.7175989e+03
   4.5400000e+02   1.3527323e+03   1.3527323e+03   2.7054646e+03
   4.5500000e+02   1.3465973e+03   1.3465973e+03   2.6931946e+03
   4.5600000e+02   1.3404007e+03   1.3404007e+03   2.6808014e+03
   4.5700000e+02   1.3341485e+03   1.3341485e+03   2.6682970e+03
   4.5800000e+02   1.3278462e+03   1.3278462e+03   2.6556924e+03
   4.5900000e+02   1.3214992e+03   1.3214992e+03   2.6429984e+03
   4.6000000e+02   1.3151123e+03   1.3151123e+03   2.6302246e+03
   4.6100000e+02   1.3086901e+03   1.3086901e+03   2.6173802e+03
   4.6200000e+02   1.3022368e+03   1.3022368e+03   2.6044737e+03
   4.6300000e+02   1.2957562e+03   1.2957562e+03   2.5915124e+03
   4.6400000e+02   1.2892516e+03   1.2892516e+03   2.5785031e+03
   4.6500000e+02   1.2827258e+03   1.2827258e+03   2.5654516e+03
   4.6600000e+02   1.2761812e+03   1.2761812e+03   2.5523624e+03
   4.6700000e+02   1.2696196e+03   1.2696196e+03   2.5392391e+03
   4.6800000e+02   1.2630421e+03   1.2630421e+03   2.5260842e+03
   4.6900000e+02   1.2564493e+03   1.2564493e+03   2.5128985e+03
   4.7000000e+02   1.2498408e+03   1.2498408e+03   2.4996816e+03
   4.7100000e+02   1.2432157e+03   1.2432157e+03   2.4864314e+03
   4.7200000e+02   1.2365727e+03   1.2365727e+03   2.4731454e+03
   4.7300000e+02   1.2299215e+03   1.2299215e+03   2.4598429e+03
   4.7400000e+02   1.2232805e+03   1.2232805e+03   2.4465609e+03
   4.7500000e+02   1.2166679e+03   1.2166679e+03   2.4333358e+03
   4.7600000e+02   1.2101014e+03   1.2101014e+03   2.4202028e+03
   4.7700000e+02   1.2035980e+03   1.2035980e+03   2.4071959e+03
   4.7800000e+02   1.1971740e+03   1.1971740e+03   2.3943480e+03
   4.7900000e+02   1.1908454e+03   1.1908454e+03   2.3816909e+03
   4.8000000e+02   1.1846276e+03   1.1846276e+03   2.3692553e+03
   4.8100000e+02   1.1785354e+03   1.1785354e+03   2.3570709e+03
   4.8200000e+02   1.1725832e+03   1.1725832e+03   2.3451664e+03
   4.8300000e+02   1.1667847e+03   1.1667847e+03   2.3335694e+03
   4.8400000e+02   1.1611534e+03   1.1611534e+03   2.3223067e+03
   4.8500000e+02   1.1557020e+03   1.1557020e+03   2.3114039e+03
   4.8600000e+02   1.1504429e+03   1.1504429e+03   2.3008857e+03
   4.8700000e+02   1.1453880e+03   1.1453880e+03   2.2907759e+03
   4.8800000e+02   1.1405486e+03   1.1405486e+03   2.2810972e+03
   4.8900000e+02   1.1359356e+03   1.1359356e+03   2.2718711e+03
   4.9000000e+02   1.1315592e+03   1.1315592e+03   2.2631184e+03
   4.9100000e+02   1.1274293e+03   1.1274293e+03   2.2548585e+03
   4.9200000e+02   1.1235548e+03   1.1235548e+03   2.2471096e+03
   4.9300000e+02   1.1199443e+03   1.1199443e+03   2.2398886e+03
   4.9400000e+02   1.1166056e+03   1.1166056e+03   2.2332112e+03
   4.9500000e+02   1.1135456e+03   1.1135456e+03   2.2270911e+03
   4.9600000e+02   1.1107703e+03   1.1107703e+03   2.2215407e+03
   4.9700000e+02   1.1082785e+03   1.1082785e+03   2.2165569e+03
   4.9800000e+02   1.1060467e+03   1.1060467e+03   2.2120935e+03
   4.9900000e+02   1.1040483e+03   1.1040483e+03   2.2080965e+03
   5.0000000e+02   1.1022574e+03   1.1022574e+03   2.2045147e+03
   5.0100000e+02   1.1006494e+03   1.1006494e+03   2.2012988e+03
   5.0200000e+02   1.0992009e+03   1.0992009e+03   2.1984019e+03
   5.0300000e+02   1.0978899e+03   1.0978899e+03   2.1957798e+03
   5.0400000e+02   1.0966955e+03   1.0966955e+03   2.1933911e+03
   5.0500000e+02   1.0955987e+03   1.0955987e+03   2.1911975e+03
   5.0600000e+02   1.0945820e+03   1.0945820e+03   2.1891640e+03
   5.0700000e+02   1.0936299e+03   1.0936299e+03   2.1872599e+03
   5.0800000e+02   1.0927292e+03   1.0927292e+03   2.1854584e+03
   5.0900000e+02   1.0918690e+03   1.0918690e+03   2.1837381e+03
   5.1000000e+02   1.0910416e+03   1.0910416e+03   2.1820832e+03
   5.1100000e+02   1.0902423e+03   1.0902423e+03   2.1804846e+03
   5.1200000e+02   1.0894706e+03   1.0894706e+03   2.1789412e+03
   5.1300000e+02   1.0887302e+03   1.0887302e+03   2.1774605e+03
   5.1400000e+02   1.0880302e+03   1.0880302e+03   2.1760605e+03
   5.1500000e+02   1.0873854e+03   1.0873854e+03   2.1747709e+03
   5.1600000e+02   1.0868175e+03   1.0868175e+03   2.1736350e+03
   5.1700000e+02   1.0863555e+03   1.0863555e+03   2.1727109e+03
   5.1800000e+02   1.0860369e+03   1.0860369e+03   2.1720737e+03
   5.1900000e+02   1.0859084e+03   1.0859084e+03   2.1718168e+03
   5.2000000e+02   1.0860265e+03   1.0860265e+03   2.1720530e+03
   5.2100000e+02   1.0864581e+03   1.0864581e+03   2.1729161e+03
   5.2200000e+02   1.0872699e+03   1.0872699e+03   2.1745398e+03
   5.2300000e+02   1.0884996e+03   1.0884996e+03   2.1769992e+03
   5.2400000e+02   1.0901779e+03   1.0901779e+03   2.1803559e+03
   5.2500000e+02   1.0923356e+03   1.0923356e+03   2.1846712e+03
   5.2600000e+02   1.0950024e+03   1.0950024e+03   2.1900049e+03
   5.2700000e+02   1.0982074e+03   1.0982074e+03   2.1964147e+03
   5.2800000e+02   1.1019776e+03   1.1019776e+03   2.2039552e+03
   5.2900000e+02   1.1063382e+03   1.1063382e+03   2.2126764e+03
   5.3000000e+02   1.1113118e+03   1.1113118e+03   2.2226236e+03
   5.3100000e+02   1.1169180e+03   1.1169180e+03   2.2338361e+03
   5.3200000e+02   1.1231732e+03   1.1231732e+03   2.2463464e+03
   5.3300000e+02   1.1300899e+03   1.1300899e+03   2.2601799e+03
   5.3400000e+02   1.1376770e+03   1.1376770e+03   2.2753540e+03
   5.3500000e+02   1.1459391e+03   1.1459391e+03   2.2918783e+03
   5.3600000e+02   1.1548767e+03   1.1548767e+03   2.3097534e+03
   5.3700000e+02   1.1644858e+03   1.1644858e+03   2.3289715e+03
   5.3800000e+02   1.1747580e+03   1.1747580e+03   2.3495159e+03
   5.3900000e+02   1.1856804e+03   1.1856804e+03   2.3713608e+03
   5.4000000e+02   1.1972356e+03   1.1972356e+03   2.3944712e+03
   5.4100000e+02   1.2094016e+03   1.2094016e+03   2.4188031e+03
   5.4200000e+02   1.2221515e+03   1.2221515e+03   2.4443030e+03
   5.4300000e+02   1.2354540e+03   1.2354540e+03   2.4709079e+03
   5.4400000e+02   1.2492727e+03   1.2492727e+03   2.4985454e+03
   5.4500000e+02   1.2635665e+03   1.2635665e+03   2.5271330e+03
   5.4600000e+02   1.2782890e+03   1.2782890e+03   2.5565780e+03
   5.4700000e+02   1.2933887e+03   1.2933887e+03   2.5867774e+03
   5.4800000e+02   1.3088085e+03   1.3088085e+03   2.6176170e+03
   5.4900000e+02   1.3244863e+03   1.3244863e+03   2.6489725e+03
   5.5000000e+02   1.3403896e+03   1.3403896e+03   2.6807793e+03
   5.5100000e+02   1.3565308e+03   1.3565308e+03   2.7130615e+03
   5.5200000e+02   1.3729261e+03   1.3729261e+03   2.7458523e+03
   5.5300000e+02   1.3895936e+03   1.3895936e+03   2.7791873e+03
   5.5400000e+02   1.4065527e+03   1.4065527e+03   2.8131053e+03
   5.5500000e+02   1.4238243e+03   1.4238243e+03   2.8476486e+03
   5.5600000e+02   1.4414314e+03   1.4414314e+03   2.8828627e+03
   5.5700000e+02   1.4593985e+03   1.4593985e+03   2.9187971e+03
   5.5800000e+02   1.4777526e+03   1.4777526e+03   2.9555052e+03
   5.5900000e+02   1.4965225e+03   1.4965225e+03   2.9930449e+03
   5.6000000e+02   1.5157395e+03   1.5157395e+03   3.0314790e+03
   5.6100000e+02   1.5354376e+03   1.5354376e+03   3.0708752e+03
   5.6200000e+02   1.5556534e+03   1.5556534e+03   3.1113068e+03
   5.6300000e+02   1.5764266e+03   1.5764266e+03   3.1528532e+03
   5.6400000e+02   1.5978001e+03   1.5978001e+03   3.1956001e+03
   5.6500000e+02   1.6198202e+03   1.6198202e+03   3.2396405e+03
   5.6600000e+02   1.6425374e+03   1.6425374e+03   3.2850747e+03
   5.6700000e+02   1.6660058e+03   1.6660058e+03   3.3320116e+03
   5.6800000e+02   1.6902844e+03   1.6902844e+03   3.3805689e+03
   5.6900000e+02   1.7154370e+03   1.7154370e+03   3.4308739e+03
   5.7000000e+02   1.7415324e+03   1.7415324e+03   3.4830649e+03
   5.7100000e+02   1.7686457e+03   1.7686457e+03   3.5372914e+03
   5.7200000e+02   1.7968578e+03   1.7968578e+03   3.5937157e+03
   5.7300000e+02   1.8262569e+03   1.8262569e+03   3.6525137e+03
   5.7400000e+02   1.8569382e+03   1.8569382e+03   3.7138764e+03
   5.7500000e+02   1.8890056e+03   1.8890056e+03   3.7780111e+03
   5.7600000e+02   1.9225715e+03   1.9225715e+03   3.8451429e+03
   5.7700000e+02   1.9577582e+03   1.9577582e+03   3.9155165e+03
   5.7800000e+02   1.9946989e+03   1.9946989e+03   3.9893978e+03
   5.7900000e+02   2.0335382e+03   2.0335382e+03   4.0670763e+03
   5.8000000e+02   2.0744335e+03   2.0744335e+03   4.1488671e+03
   5.8100000e+02   2.1175565e+03   2.1175565e+03   4.2351130e+03
   5.8200000e+02   2.1630940e+03   2.1630940e+03   4.3261880e+03
   5.8300000e+02   2.2112407e+03   2.2112407e+03   4.4224813e+03
   5.8400000e+02   2.2621604e+03   2.2621604e+03   4.5243209e+03
   5.8500000e+02   2.3160136e+03   2.3160136e+03   4.6320272e+03
   5.8600000e+02   2.3729716e+03   2.3729716e+03   4.7459432e+03
   5.8700000e+02   2.4332181e+03   2.4332181e+03   4.8664362e+03
   5.8800000e+02   2.4969497e+03   2.4969497e+03   4.9938993e+03
   5.8900000e+02   2.5643770e+03   2.5643770e+03   5.1287540e+03
   5.9000000e+02   2.6357259e+03   2.6357259e+03   5.2714517e+03
   5.9100000e+02   2.7112381e+03   2.7112381e+03   5.4224763e+03
   5.9200000e+02   2.7911732e+03   2.7911732e+03   5.5823465e+03
   5.9300000e+02   2.8758092e+03   2.8758092e+03   5.7516185e+03
   5.9400000e+02   2.9654443e+03   2.9654443e+03   5.9308886e+03
   5.9500000e+02   3.0603982e+03   3.0603982e+03   6.1207965e+03
   5.9600000e+02   3.1610138e+03   3.1610138e+03   6.3220276e+03
   5.9700000e+02   3.2676584e+03   3.2676584e+03   6.5353168e+03
   5.9800000e+02   3.3807259e+03   3.3807259e+03   6.7614518e+03
   5.9900000e+02   3.5006380e+03   3.5006380e+03   7.0012760e+03
   6.0000000e+02   3.6278463e+03   3.6278463e+03   7.2556925e+03
   6.0100000e+02   3.7628336e+03   3.7628336e+03   7.5256672e+03
   6.0200000e+02   3.9061161e+03   3.9061161e+03   7.8122321e+03
   6.0300000e+02   4.0582444e+03   4.0582444e+03   8.1164888e+03
   6.0400000e+02   4.2198055e+03   4.2198055e+03   8.4396111e+03
   6.0500000e+02   4.3914235e+03   4.3914235e+03   8.7828470e+03
   6.0600000e+02   4.5737606e+03   4.5737606e+03   9.1475212e+03
   6.0700000e+02   4.7675174e+03   4.7675174e+03   9.5350348e+03
   6.0800000e+02   4.9734325e+03   4.9734325e+03   9.9468651e+03
   6.0900000e+02   5.1922814e+03   5.1922814e+03   1.0384563e+04
   6.1000000e+02   5.4248739e+03   5.4248739e+03   1.0849748e+04
   6.1100000e+02   5.6720501e+03   5.6720501e+03   1.1344100e+04
   6.1200000e+02   5.9346749e+03   5.9346749e+03   1.1869350e+04
   6.1300000e+02   6.2136295e+03   6.2136295e+03   1.2427259e+04
   6.1400000e+02   6.5098001e+03   6.5098001e+03   1.3019600e+04
   6.1500000e+02   6.8240631e+03   6.8240631e+03   1.3648126e+04
   6.1600000e+02   7.1572661e+03   7.1572661e+03   1.4314532e+04
   6.1700000e+02   7.5102024e+03   7.5102024e+03   1.5020405e+04
   6.1800000e+02   7.8836176e+03   7.8836176e+03   1.5767235e+04
   6.1900000e+02   8.2782262e+03   8.2782262e+03   1.6556452e+04
   6.2000000e+02   8.6945788e+03   8.6945788e+03   1.7389158e+04
   6.2100000e+02   9.1329766e+03   9.1329766e+03   1.8265953e+04
   6.2200000e+02   9.5933819e+03   9.5933819e+03   1.9186764e+04
   6.2300000e+02   1.0075311e+04   1.0075311e+04   2.0150621e+04
   6.2400000e+02   1.0577705e+04   1.0577705e+04   2.1155410e+04
   6.2500000e+02   1.1098789e+04   1.1098789e+04   2.2197579e+04
   6.2600000e+02   1.1635909e+04   1.1635909e+04   2.3271818e+04
   6.2700000e+02   1.2185361e+04   1.2185361e+04   2.4370722e+04
   6.2800000e+02   1.2742229e+04   1.2742229e+04   2.5484457e+04
   6.2900000e+02   1.3300234e+04   1.3300234e+04   2.6600468e+04
   6.3000000e+02   1.3851637e+04   1.3851637e+04   2.7703274e+04
   6.3100000e+02   1.4387208e+04   1.4387208e+04   2.8774416e+04
   6.3200000e+02   1.4896305e+04   1.4896305e+04   2.9792609e+04
   6.3300000e+02   1.5367096e+04   1.5367096e+04   3.0734192e+04
   6.3400000e+02   1.5786951e+04   1.5786951e+04   3.1573902e+04
   6.3500000e+02   1.6143001e+04   1.6143001e+04   3.2286003e+04
   6.3600000e+02   1.6422873e+04   1.6422873e+04   3.2845745e+04
   6.3700000e+02   1.6615518e+04   1.6615518e+04   3.3231036e+04
   6.3800000e+02   1.6712084e+04   1.6712084e+04   3.3424168e+04
   6.3900000e+02   1.6706695e+04   1.6706695e+04   3.3413389e+04
   6.4000000e+02   1.6597039e+04   1.6597039e+04   3.3194078e+04
   6.4100000e+02   1.6384664e+04   1.6384664e+04   3.2769329e+04
   6.4200000e+02   1.6074924e+04   1.6074924e+04   3.2149848e+04
   6.4300000e+02   1.5676575e+04   1.5676575e+04   3.1353149e+04
   6.4400000e+02   1.5201087e+04   1.5201087e+04   3.0402175e+04
   6.4500000e+02   1.4661777e+04   1.4661777e+04   2.9323553e+04
   6.4600000e+02   1.4072864e+04   1.4072864e+04   2.8145728e+04
   6.4700000e+02   1.3448594e+04   1.3448594e+04   2.6897189e+04
   6.4800000e+02   1.2802495e+04   1.2802495e+04   2.5604991e+04
   6.4900000e+02   1.2146822e+04   1.2146822e+04   2.4293644e+04
   6.5000000e+02   1.1492206e+04   1.1492206e+04   2.2984412e+04
   6.5100000e+02   1.0847495e+04   1.0847495e+04   2.1694990e+04
   6.5200000e+02   1.0219740e+04   1.0219740e+04   2.0439481e+04
   6.5300000e+02   9.6143002e+03   9.6143002e+03   1.9228600e+04
   6.5400000e+02   9.0350128e+03   9.0350128e+03   1.8070026e+04
   6.5500000e+02   8.4844071e+03   8.4844071e+03   1.6968814e+04
   6.5600000e+02   7.9639237e+03   7.9639237e+03   1.5927847e+04
   6.5700000e+02   7.4741279e+03   7.4741279e+03   1.4948256e+04
   6.5800000e+02   7.0149037e+03   7.0149037e+03   1.4029807e+04
   6.5900000e+02   6.5856222e+03   6.5856222e+03   1.3171244e+04
   6.6000000e+02   6.1852842e+03   6.1852842e+03   1.2370568e+04
   6.6100000e+02   5.8126358e+03   5.8126358e+03   1.1625272e+04
   6.6200000e+02   5.4662502e+03   5.4662502e+03   1.0932500e+04
   6.6300000e+02   5.1445988e+03   5.1445988e+03   1.0289198e+04
   6.6400000e+02   4.8461114e+03   4.8461114e+03   9.6922228e+03
   6.6500000e+02   4.5692209e+03   4.5692209e+03   9.1384418e+03
   6.6600000e+02   4.3123955e+03   4.3123955e+03   8.6247911e+03
   6.6700000e+02   4.0741608e+03   4.0741608e+03   8.1483217e+03
   6.6800000e+02   3.8531141e+03   3.8531141e+03   7.7062282e+03
   6.6900000e+02   3.6479328e+03   3.6479328e+03   7.2958656e+03
   6.7000000e+02   3.4573789e+03   3.4573789e+03   6.9147578e+03
   6.7100000e+02   3.2802996e+03   3.2802996e+03   6.5605993e+03
   6.7200000e+02   3.1156265e+03   3.1156265e+03   6.2312531e+03
   6.7300000e+02   2.9623725e+03   2.9623725e+03   5.9247450e+03
   6.7400000e+02   2.8196280e+03   2.8196280e+03   5.6392561e+03
   6.7500000e+02   2.6865568e+03   2.6865568e+03   5.3731137e+03
   6.7600000e+02   2.5623912e+03   2.5623912e+03   5.1247824e+03
   6.7700000e+02   2.4464271e+03   2.4464271e+03   4.8928542e+03
   6.7800000e+02   2.3380195e+03   2.3380195e+03   4.6760389e+03
   6.7900000e+02   2.2365776e+03   2.2365776e+03   4.4731552e+03
   6.8000000e+02   2.1415607e+03   2.1415607e+03   4.2831215e+03
   6.8100000e+02   2.0524738e+03   2.0524738e+03   4.1049475e+03
   6.8200000e+02   1.9688635e+03   1.9688635e+03   3.9377270e+03
   6.8300000e+02   1.8903150e+03   1.8903150e+03   3.7806301e+03
   6.8400000e+02   1.8164483e+03   1.8164483e+03   3.6328966e+03
   6.8500000e+02   1.7469150e+03   1.7469150e+03   3.4938300e+03
   6.8600000e+02   1.6813960e+03   1.6813960e+03   3.3627919e+03
   6.8700000e+02   1.6195984e+03   1.6195984e+03   3.2391968e+03
   6.8800000e+02   1.5612535e+03   1.5612535e+03   3.1225071e+03
   6.8900000e+02   1.5061146e+03   1.5061146e+03   3.0122293e+03
   6.9000000e+02   1.4539550e+03   1.4539550e+03   2.9079099e+03
   6.9100000e+02   1.4045659e+03   1.4045659e+03   2.8091318e+03
   6.9200000e+02   1.3577556e+03   1.3577556e+03   2.7155112e+03
   6.9300000e+02   1.3133472e+03   1.3133472e+03   2.6266944e+03
   6.9400000e+02   1.2711779e+03   1.2711779e+03   2.5423559e+03
   6.9500000e+02   1.2310974e+03   1.2310974e+03   2.4621949e+03
   6.9600000e+02   1.1929670e+03   1.1929670e+03   2.3859341e+03
   6.9700000e+02   1.1566586e+03   1.1566586e+03   2.3133172e+03
   6.9800000e+02   1.1220536e+03   1.1220536e+03   2.2441073e+03
   6.9900000e+02   1.0890425e+03   1.0890425e+03   2.1780851e+03
   7.0000000e+02   1.0575238e+03   1.0575238e+03   2.1150476e+03
   7.0100000e+02   1.0274033e+03   1.0274033e+03   2.0548067e+03
   7.0200000e+02   9.9859395e+02   9.9859395e+02   1.9971879e+03
   7.0300000e+02   9.7101464e+02   9.7101464e+02   1.9420293e+03
   7.0400000e+02   9.4459021e+02   9.4459021e+02   1.8891804e+03
   7.0500000e+02   9.1925094e+02   9.1925094e+02   1.8385019e+03
   7.0600000e+02   8.9493562e+02   8.9493562e+02   1.7898712e+03
   7.0700000e+02   8.7159034e+02   8.7159034e+02   1.7431807e+03
   7.0800000e+02   8.4916475e+02   8.4916475e+02   1.6983295e+03
   7.0900000e+02   8.2761173e+02   8.2761173e+02   1.6552235e+03
   7.1000000e+02   8.0688714e+02   8.0688714e+02   1.6137743e+03
   7.1100000e+02   7.8694958e+02   7.8694958e+02   1.5738992e+03
   7.1200000e+02   7.6776021e+02   7.6776021e+02   1.5355204e+03
   7.1300000e+02   7.4928255e+02   7.4928255e+02   1.4985651e+03
   7.1400000e+02   7.3148230e+02   7.3148230e+02   1.4629646e+03
   7.1500000e+02   7.1432724e+02   7.1432724e+02   1.4286545e+03
   7.1600000e+02   6.9778699e+02   6.9778699e+02   1.3955740e+03
   7.1700000e+02   6.8183299e+02   6.8183299e+02   1.3636660e+03
   7.1800000e+02   6.6643828e+02   6.6643828e+02   1.3328766e+03
   7.1900000e+02   6.5157746e+02   6.5157746e+02   1.3031549e+03
   7.2000000e+02   6.3722653e+02   6.3722653e+02   1.2744531e+03
   7.2100000e+02   6.2336286e+02   6.2336286e+02   1.2467257e+03
   7.2200000e+02   6.0996504e+02   6.0996504e+02   1.2199301e+03
   7.2300000e+02   5.9701283e+02   5.9701283e+02   1.1940257e+03
   7.2400000e+02   5.8448708e+02   5.8448708e+02   1.1689742e+03
   7.2500000e+02   5.7236966e+02   5.7236966e+02   1.1447393e+03
   7.2600000e+02   5.6064340e+02   5.6064340e+02   1.1212868e+03
   7.2700000e+02   5.4929202e+02   5.4929202e+02   1.0985840e+03
   7.2800000e+02   5.3830008e+02   5.3830008e+02   1.0766002e+03
   7.2900000e+02   5.2765293e+02   5.2765293e+02   1.0553059e+03
   7.3000000e+02   5.1733668e+02   5.1733668e+02   1.0346734e+03
   7.3100000e+02   5.0733810e+02   5.0733810e+02   1.0146762e+03
   7.3200000e+02   4.9764464e+02   4.9764464e+02   9.9528929e+02
   7.3300000e+02   4.8824437e+02   4.8824437e+02   9.7648873e+02
   7.3400000e+02   4.7912591e+02   4.7912591e+02   9.5825183e+02
   7.3500000e+02   4.7027847e+02   4.7027847e+02   9.4055694e+02
   7.3600000e+02   4.6169174e+02   4.6169174e+02   9.2338348e+02
   7.3700000e+02   4.5335591e+02   4.5335591e+02   9.0671183e+02
   7.3800000e+02   4.4526164e+02   4.4526164e+02   8.9052328e+02
   7.3900000e+02   4.3740000e+02   4.3740000e+02   8.7480000e+02
   7.4000000e+02   4.2976249e+02   4.2976249e+02   8.5952497e+02
   7.4100000e+02   4.2234097e+02   4.2234097e+02   8.4468195e+02
   7.4200000e+02   4.1512771e+02   4.1512771e+02   8.3025542e+02
   7.4300000e+02   4.0811528e+02   4.0811528e+02   8.1623057e+02
   7.4400000e+02   4.0129662e+02   4.0129662e+02   8.0259323e+02
   7.4500000e+02   3.9466493e+02   3.9466493e+02   7.8932987e+02
   7.4600000e+02   3.8821376e+02   3.8821376e+02   7.7642752e+02
   7.4700000e+02   3.8193690e+02   3.8193690e+02   7.6387379e+02
   7.4800000e+02   3.7582841e+02   3.7582841e+02   7.5165682e+02
   7.4900000e+02   3.6988262e+02   3.6988262e+02   7.3976525e+02
   7.5000000e+02   3.6409409e+02   3.6409409e+02   7.2818817e+02
   7.5100000e+02   3.5845759e+02   3.5845759e+02   7.1691517e+02
   7.5200000e+02   3.5296812e+02   3.5296812e+02   7.0593623e+02
   7.5300000e+02   3.4762088e+02   3.4762088e+02   6.9524177e+02
   7.5400000e+02   3.4241129e+02   3.4241129e+02   6.8482257e+02
   7.5500000e+02   3.3733490e+02   3.3733490e+02   6.7466980e+02
   7.5600000e+02   3.3238749e+02   3.3238749e+02   6.6477498e+02
   7.5700000e+02   3.2756488e+02   3.2756488e+02   6.5512975e+02
   7.5800000e+02   3.2286268e+02   3.2286268e+02   6.4572535e+02
   7.5900000e+02   3.1827658e+02   3.1827658e+02   6.3655317e+02
   7.6000000e+02   3.1380247e+02   3.1380247e+02   6.2760494e+02
   7.6100000e+02   3.0943639e+02   3.0943639e+02   6.1887278e+02
   7.6200000e+02   3.0517455e+02   3.0517455e+02   6.1034910e+02
   7.6300000e+02   3.0101332e+02   3.0101332e+02   6.0202663e+02
   7.6400000e+02   2.9694920e+02   2.9694920e+02   5.9389841e+02
   7.6500000e+02   2.9297887e+02   2.9297887e+02   5.8595773e+02
   7.6600000e+02   2.8909909e+02   2.8909909e+02   5.7819819e+02
   7.6700000e+02   2.8530681e+02   2.8530681e+02   5.7061362e+02
   7.6800000e+02   2.8159905e+02   2.8159905e+02   5.6319809e+02
   7.6900000e+02   2.7797297e+02   2.7797297e+02   5.5594594e+02
   7.7000000e+02   2.7442584e+02   2.7442584e+02   5.4885169e+02
   7.7100000e+02   2.7095505e+02   2.7095505e+02   5.4191010e+02
   7.7200000e+02   2.6755806e+02   2.6755806e+02   5.3511613e+02
   7.7300000e+02   2.6423246e+02   2.6423246e+02   5.2846492e+02
   7.7400000e+02   2.6097591e+02   2.6097591e+02   5.2195182e+02
   7.7500000e+02   2.5778617e+02   2.5778617e+02   5.1557235e+02
   7.7600000e+02   2.5466109e+02   2.5466109e+02   5.0932218e+02
   7.7700000e+02   2.5159859e+02   2.5159859e+02   5.0319717e+02
   7.7800000e+02   2.4859666e+02   2.4859666e+02   4.9719333e+02
   7.7900000e+02   2.4565340e+02   2.4565340e+02   4.9130680e+02
   7.8000000e+02   2.4276695e+02   2.4276695e+02   4.8553390e+02
   7.8100000e+02   2.3993552e+02   2.3993552e+02   4.7987104e+02
   7.8200000e+02   2.3715740e+02   2.3715740e+02   4.7431480e+02
   7.8300000e+02   2.3443093e+02   2.3443093e+02   4.6886187e+02
   7.8400000e+02   2.3175453e+02   2.3175453e+02   4.6350906e+02
   7.8500000e+02   2.2912665e+02   2.2912665e+02   4.5825329e+02
   7.8600000e+02   2.2654581e+02   2.2654581e+02   4.5309162e+02
   7.8700000e+02   2.2401058e+02   2.2401058e+02   4.4802117e+02
   7.8800000e+02   2.2151960e+02   2.2151960e+02   4.4303920e+02
   7.8900000e+02   2.1907152e+02   2.1907152e+02   4.3814305e+02
   7.9000000e+02   2.1666508e+02   2.1666508e+02   4.3333015e+02
   7.9100000e+02   2.1429902e+02   2.1429902e+02   4.2859804e+02
   7.9200000e+02   2.1197216e+02   2.1197216e+02   4.2394433e+02
   7.9300000e+02   2.0968336e+02   2.0968336e+02   4.1936671e+02
   7.9400000e+02   2.0743149e+02   2.0743149e+02   4.1486297e+02
   7.9500000e+02   2.0521548e+02   2.0521548e+02   4.1043096e+02
   7.9600000e+02   2.0303430e+02   2.0303430e+02   4.0606860e+02
   7.9700000e+02   2.0088694e+02   2.0088694e+02   4.0177389e+02
   7.9800000e+02   1.9877245e+02   1.9877245e+02   3.9754490e+02
   7.9900000e+02   1.9668988e+02   1.9668988e+02   3.9337976e+02
   8.0000000e+02   1.9463833e+02   1.9463833e+02   3.8927666e+02
   8.0100000e+02   1.9261693e+02   1.9261693e+02   3.8523386e+02
   8.0200000e+02   1.9062484e+02   1.9062484e+02   3.8124968e+02
   8.0300000e+02   1.8866124e+02   1.8866124e+02   3.7732248e+02
   8.0400000e+02   1.8672534e+02   1.8672534e+02   3.7345069e+02
   8.0500000e+02   1.8481639e+02   1.8481639e+02   3.6963278e+02
   8.0600000e+02   1.8293364e+02   1.8293364e+02   3.6586727e+02
   8.0700000e+02   1.8107638e+02   1.8107638e+02   3.6215275e+02
   8.0800000e+02   1.7924392e+02   1.7924392e+02   3.5848783e+02
   8.0900000e+02   1.7743559e+02   1.7743559e+02   3.5487118e+02
   8.1000000e+02   1.7565075e+02   1.7565075e+02   3.5130151e+02
   8.1100000e+02   1.7388878e+02   1.7388878e+02   3.4777756e+02
   8.1200000e+02   1.7214906e+02   1.7214906e+02   3.4429812e+02
   8.1300000e+02   1.7043102e+02   1.7043102e+02   3.4086203e+02
   8.1400000e+02   1.6873408e+02   1.6873408e+02   3.3746815e+02
   8.1500000e+02   1.6705769e+02   1.6705769e+02   3.3411539e+02
   8.1600000e+02   1.6540133e+02   1.6540133e+02   3.3080267e+02
   8.1700000e+02   1.6376448e+02   1.6376448e+02   3.2752897e+02
   8.1800000e+02   1.6214665e+02   1.6214665e+02   3.2429329e+02
   8.1900000e+02   1.6054733e+02   1.6054733e+02   3.2109467e+02
   8.2000000e+02   1.5896608e+02   1.5896608e+02   3.1793216e+02
   8.2100000e+02   1.5740243e+02   1.5740243e+02   3.1480487e+02
   8.2200000e+02   1.5585601e+02   1.5585601e+02   3.1171202e+02
   8.2300000e+02   1.5432673e+02   1.5432673e+02   3.0865345e+02
   8.2400000e+02   1.5281460e+02   1.5281460e+02   3.0562919e+02
   8.2500000e+02   1.5131962e+02   1.5131962e+02   3.0263924e+02
   8.2600000e+02   1.4984179e+02   1.4984179e+02   2.9968358e+02
   8.2700000e+02   1.4838109e+02   1.4838109e+02   2.9676219e+02
   8.2800000e+02   1.4693751e+02   1.4693751e+02   2.9387502e+02
   8.2900000e+02   1.4551102e+02   1.4551102e+02   2.9102204e+02
   8.3000000e+02   1.4410158e+02   1.4410158e+02   2.8820316e+02
   8.3100000e+02   1.4270916e+02   1.4270916e+02   2.8541833e+02
   8.3200000e+02   1.4133372e+02   1.4133372e+02   2.8266744e+02
   8.3300000e+02   1.3997520e+02   1.3997520e+02   2.7995040e+02
   8.3400000e+02   1.3863356e+02   1.3863356e+02   2.7726711e+02
   8.3500000e+02   1.3730873e+02   1.3730873e+02   2.7461745e+02
   8.3600000e+02   1.3600065e+02   1.3600065e+02   2.7200129e+02
   8.3700000e+02   1.3470925e+02   1.3470925e+02   2.6941851e+02
   8.3800000e+02   1.3343448e+02   1.3343448e+02   2.6686896e+02
   8.3900000e+02   1.3217624e+02   1.3217624e+02   2.6435249e+02
   8.4000000e+02   1.3093447e+02   1.3093447e+02   2.6186895e+02
   8.4100000e+02   1.2970909e+02   1.2970909e+02   2.5941817e+02
   8.4200000e+02   1.2850000e+02   1.2850000e+02   2.5700000e+02
   8.4300000e+02   1.2730713e+02   1.2730713e+02   2.5461426e+02
   8.4400000e+02   1.2613038e+02   1.2613038e+02   2.5226077e+02
   8.4500000e+02   1.2496967e+02   1.2496967e+02   2.4993935e+02
   8.4600000e+02   1.2382490e+02   1.2382490e+02   2.4764981e+02
   8.4700000e+02   1.2269598e+02   1.2269598e+02   2.4539196e+02
   8.4800000e+02   1.2158280e+02   1.2158280e+02   2.4316560e+02
   8.4900000e+02   1.2048527e+02   1.2048527e+02   2.4097055e+02
   8.5000000e+02   1.1940329e+02   1.1940329e+02   2.3880658e+02
   8.5100000e+02   1.1833676e+02   1.1833676e+02   2.3667351e+02
   8.5200000e+02   1.1728556e+02   1.1728556e+02   2.3457112e+02
   8.5300000e+02   1.1624960e+02   1.1624960e+02   2.3249920e+02
   8.5400000e+02   1.1522877e+02   1.1522877e+02   2.3045754e+02
   8.5500000e+02   1.1422296e+02   1.1422296e+02   2.2844592e+02
   8.5600000e+02   1.1323207e+02   1.1323207e+02   2.2646413e+02
   8.5700000e+02   1.1225598e+02   1.1225598e+02   2.2451195e+02
   8.5800000e+02   1.1129458e+02   1.1129458e+02   2.2258916e+02
   8.5900000e+02   1.1034777e+02   1.1034777e+02   2.2069554e+02
   8.6000000e+02   1.0941543e+02   1.0941543e+02   2.1883086e+02
   8.6100000e+02   1.0849745e+02   1.0849745e+02   2.1699491e+02
   8.6200000e+02   1.0759373e+02   1.0759373e+02   2.1518745e+02
   8.6300000e+02   1.0670414e+02   1.0670414e+02   2.1340827e+02
   8.6400000e+02   1.0582857e+02   1.0582857e+02   2.1165714e+02
   8.6500000e+02   1.0496692e+02   1.0496692e+02   2.0993384e+02
   8.6600000e+02   1.0411907e+02   1.0411907e+02   2.0823813e+02
   8.6700000e+02   1.0328490e+02   1.0328490e+02   2.0656980e+02
   8.6800000e+02   1.0246431e+02   1.0246431e+02   2.0492862e+02
   8.6900000e+02   1.0165718e+02   1.0165718e+02   2.0331436e+02
   8.7000000e+02   1.0086340e+02   1.0086340e+02   2.0172679e+02
   8.7100000e+02   1.0008285e+02   1.0008285e+02   2.0016571e+02
   8.7200000e+02   9.9315436e+01   9.9315436e+01   1.9863087e+02
   8.7300000e+02   9.8561032e+01   9.8561032e+01   1.9712206e+02
   8.7400000e+02   9.7819530e+01   9.7819530e+01   1.9563906e+02
   8.7500000e+02   9.7090819e+01   9.7090819e+01   1.9418164e+02
   8.7600000e+02   9.6374790e+01   9.6374790e+01   1.9274958e+02
   8.7700000e+02   9.5671331e+01   9.5671331e+01   1.9134266e+02
   8.7800000e+02   9.4980334e+01   9.4980334e+01   1.8996067e+02
   8.7900000e+02   9.4301690e+01   9.4301690e+01   1.8860338e+02
   8.8000000e+02   9.3635290e+01   9.3635290e+01   1.8727058e+02
   8.8100000e+02   9.2981027e+01   9.2981027e+01   1.8596205e+02
   8.8200000e+02   9.2338794e+01   9.2338794e+01   1.8467759e+02
   8.8300000e+02   9.1708483e+01   9.1708483e+01   1.8341697e+02
   8.8400000e+02   9.1089990e+01   9.1089990e+01   1.8217998e+02
   8.8500000e+02   9.0483209e+01   9.0483209e+01   1.8096642e+02
   8.8600000e+02   8.9888037e+01   8.9888037e+01   1.7977607e+02
   8.8700000e+02   8.9304369e+01   8.9304369e+01   1.7860874e+02
   8.8800000e+02   8.8732104e+01   8.8732104e+01   1.7746421e+02
   8.8900000e+02   8.8171139e+01   8.8171139e+01   1.7634228e+02
   8.9000000e+02   8.7621373e+01   8.7621373e+01   1.7524275e+02
   8.9100000e+02   8.7082705e+01   8.7082705e+01   1.7416541e+02
   8.9200000e+02   8.6555038e+01   8.6555038e+01   1.7311008e+02
   8.9300000e+02   8.6038234e+01   8.6038234e+01   1.7207647e+02
   8.9400000e+02   8.5532021e+01   8.5532021e+01   1.7106404e+02
   8.9500000e+02   8.5036101e+01   8.5036101e+01   1.7007220e+02
   8.9600000e+02   8.4550185e+01   8.4550185e+01   1.6910037e+02
   8.9700000e+02   8.4073993e+01   8.4073993e+01   1.6814799e+02
   8.9800000e+02   8.3607250e+01   8.3607250e+01   1.6721450e+02
   8.9900000e+02   8.3149689e+01   8.3149689e+01   1.6629938e+02
   9.0000000e+02   8.2701051e+01   8.2701051e+01   1.6540210e+02
   9.0100000e+02   8.2261082e+01   8.2261082e+01   1.6452216e+02
   9.0200000e+02   8.1829536e+01   8.1829536e+01   1.6365907e+02
   9.0300000e+02   8.1406174e+01   8.1406174e+01   1.6281235e+02
   9.0400000e+02   8.0990762e+01   8.0990762e+01   1.6198152e+02
   9.0500000e+02   8.0583072e+01   8.0583072e+01   1.6116614e+02
   9.0600000e+02   8.0182882e+01   8.0182882e+01   1.6036576e+02
   9.0700000e+02   7.9789976e+01   7.9789976e+01   1.5957995e+02
   9.0800000e+02   7.9404144e+01   7.9404144e+01   1.5880829e+02
   9.0900000e+02   7.9025181e+01   7.9025181e+01   1.5805036e+02
   9.1000000e+02   7.8652886e+01   7.8652886e+01   1.5730577e+02
   9.1100000e+02   7.8287065e+01   7.8287065e+01   1.5657413e+02
   9.1200000e+02   7.7927528e+01   7.7927528e+01   1.5585506e+02
   9.1300000e+02   7.7574089e+01   7.7574089e+01   1.5514818e+02
   9.1400000e+02   7.7226569e+01   7.7226569e+01   1.5445314e+02
   9.1500000e+02   7.6884790e+01   7.6884790e+01   1.5376958e+02
   9.1600000e+02   7.6548582e+01   7.6548582e+01   1.5309716e+02
   9.1700000e+02   7.6217778e+01   7.6217778e+01   1.5243556e+02
   9.1800000e+02   7.5892213e+01   7.5892213e+01   1.5178443e+02
   9.1900000e+02   7.5571730e+01   7.5571730e+01   1.5114346e+02
   9.2000000e+02   7.5256172e+01   7.5256172e+01   1.5051234e+02
   9.2100000e+02   7.4945389e+01   7.4945389e+01   1.4989078e+02
   9.2200000e+02   7.4639234e+01   7.4639234e+01   1.4927847e+02
   9.2300000e+02   7.4337561e+01   7.4337561e+01   1.4867512e+02
   9.2400000e+02   7.4040231e+01   7.4040231e+01   1.4808046e+02
   9.2500000e+02   7.3747107e+01   7.3747107e+01   1.4749421e+02
   9.2600000e+02   7.3458054e+01   7.3458054e+01   1.4691611e+02
   9.2700000e+02   7.3172944e+01   7.3172944e+01   1.4634589e+02
   9.2800000e+02   7.2891648e+01   7.2891648e+01   1.4578330e+02
   9.2900000e+02   7.2614043e+01   7.2614043e+01   1.4522809e+02
   9.3000000e+02   7.2340007e+01   7.2340007e+01   1.4468001e+02
   9.3100000e+02   7.2069422e+01   7.2069422e+01   1.4413884e+02
   9.3200000e+02   7.1802173e+01   7.1802173e+01   1.4360435e+02
   9.3300000e+02   7.1538148e+01   7.1538148e+01   1.4307630e+02
   9.3400000e+02   7.1277237e+01   7.1277237e+01   1.4255447e+02
   9.3500000e+02   7.1019332e+01   7.1019332e+01   1.4203866e+02
   9.3600000e+02   7.0764329e+01   7.0764329e+01   1.4152866e+02
   9.3700000e+02   7.0512127e+01   7.0512127e+01   1.4102425e+02
   9.3800000e+02   7.0262625e+01   7.0262625e+01   1.4052525e+02
   9.3900000e+02   7.0015727e+01   7.0015727e+01   1.4003145e+02
   9.4000000e+02   6.9771338e+01   6.9771338e+01   1.3954268e+02
   9.4100000e+02   6.9529364e+01   6.9529364e+01   1.3905873e+02
   9.4200000e+02   6.9289717e+01   6.9289717e+01   1.3857943e+02
   9.4300000e+02   6.9052307e+01   6.9052307e+01   1.3810461e+02
   9.4400000e+02   6.8817050e+01   6.8817050e+01   1.3763410e+02
   9.4500000e+02   6.8583860e+01   6.8583860e+01   1.3716772e+02
   9.4600000e+02   6.8352656e+01   6.8352656e+01   1.3670531e+02
   9.4700000e+02   6.8123359e+01   6.8123359e+01   1.3624672e+02
   9.4800000e+02   6.7895889e+01   6.7895889e+01   1.3579178e+02
   9.4900000e+02   6.7670172e+01   6.7670172e+01   1.3534034e+02
   9.5000000e+02   6.7446133e+01   6.7446133e+01   1.3489227e+02
   9.5100000e+02   6.7223699e+01   6.7223699e+01   1.3444740e+02
   9.5200000e+02   6.7002800e+01   6.7002800e+01   1.3400560e+02
   9.5300000e+02   6.6783367e+01   6.6783367e+01   1.3356673e+02
   9.5400000e+02   6.6565332e+01   6.6565332e+01   1.3313066e+02
   9.5500000e+02   6.6348630e+01   6.6348630e+01   1.3269726e+02
   9.5600000e+02   6.6133198e+01   6.6133198e+01   1.3226640e+02
   9.5700000e+02   6.5918971e+01   6.5918971e+01   1.3183794e+02
   9.5800000e+02   6.5705890e+01   6.5705890e+01   1.3141178e+02
   9.5900000e+02   6.5493896e+01   6.5493896e+01   1.3098779e+02
   9.6000000e+02   6.5282929e+01   6.5282929e+01   1.3056586e+02
   9.6100000e+02   6.5072935e+01   6.5072935e+01   1.3014587e+02
   9.6200000e+02   6.4863857e+01   6.4863857e+01   1.2972771e+02
   9.6300000e+02   6.4655641e+01   6.4655641e+01   1.2931128e+02
   9.6400000e+02   6.4448237e+01   6.4448237e+01   1.2889647e+02
   9.6500000e+02   6.4241592e+01   6.4241592e+01   1.2848318e+02
   9.6600000e+02   6.4035657e+01   6.4035657e+01   1.2807131e+02
   9.6700000e+02   6.3830383e+01   6.3830383e+01   1.2766077e+02
   9.6800000e+02   6.3625723e+01   6.3625723e+01   1.2725145e+02
   9.6900000e+02   6.3421631e+01   6.3421631e+01   1.2684326e+02
   9.7000000e+02   6.3218063e+01   6.3218063e+01   1.2643613e+02
   9.7100000e+02   6.3014974e+01   6.3014974e+01   1.2602995e+02
   9.7200000e+02   6.2812322e+01   6.2812322e+01   1.2562464e+02
   9.7300000e+02   6.2610066e+01   6.2610066e+01   1.2522013e+02
   9.7400000e+02   6.2408166e+01   6.2408166e+01   1.2481633e+02
   9.7500000e+02   6.2206581e+01   6.2206581e+01   1.2441316e+02
   9.7600000e+02   6.2005275e+01   6.2005275e+01   1.2401055e+02
   9.7700000e+02   6.1804210e+01   6.1804210e+01   1.2360842e+02
   9.7800000e+02   6.1603349e+01   6.1603349e+01   1.2320670e+02
   9.7900000e+02   6.1402658e+01   6.1402658e+01   1.2280532e+02
   9.8000000e+02   6.1202102e+01   6.1202102e+01   1.2240420e+02
   9.8100000e+02   6.1001649e+01   6.1001649e+01   1.2200330e+02
   9.8200000e+02   6.0801265e+01   6.0801265e+01   1.2160253e+02
   9.8300000e+02   6.0600921e+01   6.0600921e+01   1.2120184e+02
   9.8400000e+02   6.0400584e+01   6.0400584e+01   1.2080117e+02
   9.8500000e+02   6.0200237e+01   6.0200237e+01   1.2040047e+02
   9.8600000e+02   5.9999902e+01   5.9999902e+01   1.1999980e+02
   9.8700000e+02   5.9799611e+01   5.9799611e+01   1.1959922e+02
   9.8800000e+02   5.9599397e+01   5.9599397e+01   1.1919879e+02
   9.8900000e+02   5.9399290e+01   5.9399290e+01   1.1879858e+02
   9.9000000e+02   5.9199321e+01   5.9199321e+01   1.1839864e+02
   9.9100000e+02   5.8999519e+01   5.8999519e+01   1.1799904e+02
   9.9200000e+02   5.8799914e+01   5.8799914e+01   1.1759983e+02
   9.9300000e+02   5.8600533e+01   5.8600533e+01   1.1720107e+02
   9.9400000e+02   5.8401404e+01   5.8401404e+01   1.1680281e+02
   9.9500000e+02   5.8202555e+01   5.8202555e+01   1.1640511e+02
   9.9600000e+02   5.8004010e+01   5.8004010e+01   1.1600802e+02
   9.9700000e+02   5.7805796e+01   5.7805796e+01   1.1561159e+02
   9.9800000e+02   5.7607937e+01   5.7607937e+01   1.1521587e+02
   9.9900000e+02   5.7410458e+01   5.7410458e+01   1.1482092e+02
   1.0000000e+03   5.7213383e+01   5.7213383e+01   1.1442677e+02
