   4.0000000e+02   3.4330270e+01   3.4330270e+01   6.8660540e+01
   4.0100000e+02   3.4027270e+01   3.4027270e+01   6.8054540e+01
   4.0200000e+02   3.3724742e+01   3.3724742e+01   6.7449484e+01
   4.0300000e+02   3.3422787e+01   3.3422787e+01   6.6845573e+01
   4.0400000e+02   3.3121498e+01   3.3121498e+01   6.6242996e+01
   4.0500000e+02   3.2820963e+01   3.2820963e+01   6.5641925e+01
   4.0600000e+02   3.2521258e+01   3.2521258e+01   6.5042516e+01
   4.0700000e+02   3.2222456e+01   3.2222456e+01   6.4444912e+01
   4.0800000e+02   3.1924622e+01   3.1924622e+01   6.3849243e+01
   4.0900000e+02   3.1627814e+01   3.1627814e+01   6.3255628e+01
   4.1000000e+02   3.1332087e+01   3.1332087e+01   6.2664174e+01
   4.1100000e+02   3.1037489e+01   3.1037489e+01   6.2074979e+01
   4.1200000e+02   3.0744065e+01   3.0744065e+01   6.1488131e+01
   4.1300000e+02   3.0451856e+01   3.0451856e+01   6.0903713e+01
   4.1400000e+02   3.0160889e+01   3.0160889e+01   6.0321777e+01
   4.1500000e+02   2.9871079e+01   2.9871079e+01   5.9742158e+01
   4.1600000e+02   2.9582289e+01   2.9582289e+01   5.9164579e+01
   4.1700000e+02   2.9294391e+01   2.9294391e+01   5.8588783e+01
   4.1800000e+02   2.9007265e+01   2.9007265e+01   5.8014530e+01
   4.1900000e+02   2.8720797e+01   2.8720797e+01   5.7441594e+01
   4.2000000e+02   2.8434883e+01   2.8434883e+01   5.6869766e+01
   4.2100000e+02   2.8149424e+01   2.8149424e+01   5.6298848e+01
   4.2200000e+02   2.7864328e+01   2.7864328e+01   5.5728656e+01
   4.2300000e+02   2.7579508e+01   2.7579508e+01   5.5159016e+01
   4.2400000e+02   2.7294883e+01   2.7294883e+01   5.4589766e+01
   4.2500000e+02   2.7010377e+01   2.7010377e+01   5.4020755e+01
   4.2600000e+02   2.6725919e+01   2.6725919e+01   5.3451838e+01
   4.2700000e+02   2.6441442e+01   2.6441442e+01   5.2882884e+01
   4.2800000e+02   2.6156884e+01   2.6156884e+01   5.2313768e+01
   4.2900000e+02   2.5872187e+01   2.5872187e+01   5.1744374e+01
   4.3000000e+02   2.5587298e+01   2.5587298e+01   5.1174597e+01
   4.3100000e+02   2.5302172e+01   2.5302172e+01   5.0604344e+01
   4.3200000e+02   2.5016850e+01   2.5016850e+01   5.0033699e+01
   4.3300000e+02   2.4731452e+01   2.4731452e+01   4.9462905e+01
   4.3400000e+02   2.4446101e+01   2.4446101e+01   4.8892202e+01
   4.3500000e+02   2.4160910e+01   2.4160910e+01   4.8321821e+01
   4.3600000e+02   2.3875991e+01   2.3875991e+01   4.7751981e+01
   4.3700000e+02   2.3591447e+01   2.3591447e+01   4.7182894e+01
   4.3800000e+02   2.3307379e+01   2.3307379e+01   4.6614759e+01
   4.3900000e+02   2.3023884e+01   2.3023884e+01   4.6047768e+01
   4.4000000e+02   2.2741052e+01   2.2741052e+01   4.5482105e+01
   4.4100000e+02   2.2458972e+01   2.2458972e+01   4.4917944e+01
   4.4200000e+02   2.2177727e+01   2.2177727e+01   4.4355453e+01
   4.4300000e+02   2.1897397e+01   2.1897397e+01   4.3794794e+01
   4.4400000e+02   2.1618060e+01   2.1618060e+01   4.3236121e+01
   4.4500000e+02   2.1339792e+01   2.1339792e+01   4.2679585e+01
   4.4600000e+02   2.1062666e+01   2.1062666e+01   4.2125331e+01
   4.4700000e+02   2.0786751e+01   2.0786751e+01   4.1573503e+01
   4.4800000e+02   2.0512120e+01   2.0512120e+01   4.1024240e+01
   4.4900000e+02   2.0238840e+01   2.0238840e+01   4.0477679e+01
   4.5000000e+02   1.9966979e+01   1.9966979e+01   3.9933959e+01
   4.5100000e+02   1.9696608e+01   1.9696608e+01   3.9393216e+01
   4.5200000e+02   1.9427790e+01   1.9427790e+01   3.8855581e+01
   4.5300000e+02   1.9160582e+01   1.9160582e+01   3.8321165e+01
   4.5400000e+02   1.8895036e+01   1.8895036e+01   3.7790073e+01
   4.5500000e+02   1.8631203e+01   1.8631203e+01   3.7262405e+01
   4.5600000e+02   1.8369128e+01   1.8369128e+01   3.6738256e+01
   4.5700000e+02   1.8108857e+01   1.8108857e+01   3.6217713e+01
   4.5800000e+02   1.7850429e+01   1.7850429e+01   3.5700857e+01
   4.5900000e+02   1.7593880e+01   1.7593880e+01   3.5187760e+01
   4.6000000e+02   1.7339243e+01   1.7339243e+01   3.4678487e+01
   4.6100000e+02   1.7086547e+01   1.7086547e+01   3.4173093e+01
   4.6200000e+02   1.6835814e+01   1.6835814e+01   3.3671628e+01
   4.6300000e+02   1.6587067e+01   1.6587067e+01   3.3174134e+01
   4.6400000e+02   1.6340321e+01   1.6340321e+01   3.2680643e+01
   4.6500000e+02   1.6095592e+01   1.6095592e+01   3.2191183e+01
   4.6600000e+02   1.5852888e+01   1.5852888e+01   3.1705777e+01
   4.6700000e+02   1.5612220e+01   1.5612220e+01   3.1224441e+01
   4.6800000e+02   1.5373594e+01   1.5373594e+01   3.0747188e+01
   4.6900000e+02   1.5137015e+01   1.5137015e+01   3.0274029e+01
   4.7000000e+02   1.4902486e+01   1.4902486e+01   2.9804972e+01
   4.7100000e+02   1.4670012e+01   1.4670012e+01   2.9340024e+01
   4.7200000e+02   1.4439616e+01   1.4439616e+01   2.8879232e+01
   4.7300000e+02   1.4211626e+01   1.4211626e+01   2.8423251e+01
   4.7400000e+02   1.3986600e+01   1.3986600e+01   2.7973199e+01
   4.7500000e+02   1.3765080e+01   1.3765080e+01   2.7530160e+01
   4.7600000e+02   1.3547585e+01   1.3547585e+01   2.7095171e+01
   4.7700000e+02   1.3334612e+01   1.3334612e+01   2.6669225e+01
   4.7800000e+02   1.3126638e+01   1.3126638e+01   2.6253277e+01
   4.7900000e+02   1.2924123e+01   1.2924123e+01   2.5848246e+01
   4.8000000e+02   1.2727510e+01   1.2727510e+01   2.5455019e+01
   4.8100000e+02   1.2537230e+01   1.2537230e+01   2.5074459e+01
   4.8200000e+02   1.2353701e+01   1.2353701e+01   2.4707403e+01
   4.8300000e+02   1.2177336e+01   1.2177336e+01   2.4354671e+01
   4.8400000e+02   1.2008536e+01   1.2008536e+01   2.4017073e+01
   4.8500000e+02   1.1847704e+01   1.1847704e+01   2.3695408e+01
   4.8600000e+02   1.1695237e+01   1.1695237e+01   2.3390473e+01
   4.8700000e+02   1.1551536e+01   1.1551536e+01   2.3103072e+01
   4.8800000e+02   1.1417007e+01   1.1417007e+01   2.2834014e+01
   4.8900000e+02   1.1292063e+01   1.1292063e+01   2.2584126e+01
   4.9000000e+02   1.1177129e+01   1.1177129e+01   2.2354258e+01
   4.9100000e+02   1.1072644e+01   1.1072644e+01   2.2145289e+01
   4.9200000e+02   1.0979067e+01   1.0979067e+01   2.1958133e+01
   4.9300000e+02   1.0896877e+01   1.0896877e+01   2.1793754e+01
   4.9400000e+02   1.0826584e+01   1.0826584e+01   2.1653167e+01
   4.9500000e+02   1.0768725e+01   1.0768725e+01   2.1537451e+01
   4.9600000e+02   1.0723879e+01   1.0723879e+01   2.1447758e+01
   4.9700000e+02   1.0692500e+01   1.0692500e+01   2.1385000e+01
   4.9800000e+02   1.0674538e+01   1.0674538e+01   2.1349076e+01
   4.9900000e+02   1.0669854e+01   1.0669854e+01   2.1339709e+01
   5.0000000e+02   1.0678324e+01   1.0678324e+01   2.1356648e+01
   5.0100000e+02   1.0699834e+01   1.0699834e+01   2.1399668e+01
   5.0200000e+02   1.0734279e+01   1.0734279e+01   2.1468558e+01
   5.0300000e+02   1.0781559e+01   1.0781559e+01   2.1563117e+01
   5.0400000e+02   1.0841574e+01   1.0841574e+01   2.1683147e+01
   5.0500000e+02   1.0914226e+01   1.0914226e+01   2.1828451e+01
   5.0600000e+02   1.0999415e+01   1.0999415e+01   2.1998830e+01
   5.0700000e+02   1.1097042e+01   1.1097042e+01   2.2194084e+01
   5.0800000e+02   1.1207007e+01   1.1207007e+01   2.2414013e+01
   5.0900000e+02   1.1329212e+01   1.1329212e+01   2.2658423e+01
   5.1000000e+02   1.1463567e+01   1.1463567e+01   2.2927134e+01
   5.1100000e+02   1.1609994e+01   1.1609994e+01   2.3219988e+01
   5.1200000e+02   1.1768433e+01   1.1768433e+01   2.3536866e+01
   5.1300000e+02   1.1938851e+01   1.1938851e+01   2.3877702e+01
   5.1400000e+02   1.2121249e+01   1.2121249e+01   2.4242499e+01
   5.1500000e+02   1.2315674e+01   1.2315674e+01   2.4631349e+01
   5.1600000e+02   1.2522225e+01   1.2522225e+01   2.5044451e+01
   5.1700000e+02   1.2741062e+01   1.2741062e+01   2.5482123e+01
   5.1800000e+02   1.2972408e+01   1.2972408e+01   2.5944815e+01
   5.1900000e+02   1.3216555e+01   1.3216555e+01   2.6433110e+01
   5.2000000e+02   1.3473857e+01   1.3473857e+01   2.6947715e+01
   5.2100000e+02   1.3744723e+01   1.3744723e+01   2.7489446e+01
   5.2200000e+02   1.4029653e+01   1.4029653e+01   2.8059306e+01
   5.2300000e+02   1.4329370e+01   1.4329370e+01   2.8658739e+01
   5.2400000e+02   1.4644670e+01   1.4644670e+01   2.9289341e+01
   5.2500000e+02   1.4976378e+01   1.4976378e+01   2.9952757e+01
   5.2600000e+02   1.5325329e+01   1.5325329e+01   3.0650657e+01
   5.2700000e+02   1.5692356e+01   1.5692356e+01   3.1384711e+01
   5.2800000e+02   1.6078281e+01   1.6078281e+01   3.2156563e+01
   5.2900000e+02   1.6483907e+01   1.6483907e+01   3.2967814e+01
   5.3000000e+02   1.6910004e+01   1.6910004e+01   3.3820007e+01
   5.3100000e+02   1.7357309e+01   1.7357309e+01   3.4714618e+01
   5.3200000e+02   1.7826522e+01   1.7826522e+01   3.5653044e+01
   5.3300000e+02   1.8318305e+01   1.8318305e+01   3.6636610e+01
   5.3400000e+02   1.8833281e+01   1.8833281e+01   3.7666562e+01
   5.3500000e+02   1.9372039e+01   1.9372039e+01   3.8744078e+01
   5.3600000e+02   1.9935135e+01   1.9935135e+01   3.9870270e+01
   5.3700000e+02   2.0523100e+01   2.0523100e+01   4.1046200e+01
   5.3800000e+02   2.1136444e+01   2.1136444e+01   4.2272887e+01
   5.3900000e+02   2.1775660e+01   2.1775660e+01   4.3551320e+01
   5.4000000e+02   2.2441235e+01   2.2441235e+01   4.4882469e+01
   5.4100000e+02   2.3133652e+01   2.3133652e+01   4.6267304e+01
   5.4200000e+02   2.3853401e+01   2.3853401e+01   4.7706802e+01
   5.4300000e+02   2.4600983e+01   2.4600983e+01   4.9201965e+01
   5.4400000e+02   2.5376916e+01   2.5376916e+01   5.0753831e+01
   5.4500000e+02   2.6181745e+01   2.6181745e+01   5.2363490e+01
   5.4600000e+02   2.7016048e+01   2.7016048e+01   5.4032097e+01
   5.4700000e+02   2.7880442e+01   2.7880442e+01   5.5760884e+01
   5.4800000e+02   2.8775589e+01   2.8775589e+01   5.7551178e+01
   5.4900000e+02   2.9702214e+01   2.9702214e+01   5.9404428e+01
   5.5000000e+02   3.0661363e+01   3.0661363e+01   6.1322727e+01
   5.5100000e+02   3.1654507e+01   3.1654507e+01   6.3309014e+01
   5.5200000e+02   3.2683229e+01   3.2683229e+01   6.5366459e+01
   5.5300000e+02   3.3749216e+01   3.3749216e+01   6.7498433e+01
   5.5400000e+02   3.4854260e+01   3.4854260e+01   6.9708520e+01
   5.5500000e+02   3.6000267e+01   3.6000267e+01   7.2000535e+01
   5.5600000e+02   3.7189268e+01   3.7189268e+01   7.4378537e+01
   5.5700000e+02   3.8423425e+01   3.8423425e+01   7.6846850e+01
   5.5800000e+02   3.9705042e+01   3.9705042e+01   7.9410084e+01
   5.5900000e+02   4.1036575e+01   4.1036575e+01   8.2073151e+01
   5.6000000e+02   4.2420646e+01   4.2420646e+01   8.4841293e+01
   5.6100000e+02   4.3860053e+01   4.3860053e+01   8.7720106e+01
   5.6200000e+02   4.5357784e+01   4.5357784e+01   9.0715569e+01
   5.6300000e+02   4.6917035e+01   4.6917035e+01   9.3834071e+01
   5.6400000e+02   4.8541223e+01   4.8541223e+01   9.7082447e+01
   5.6500000e+02   5.0234007e+01   5.0234007e+01   1.0046801e+02
   5.6600000e+02   5.1999304e+01   5.1999304e+01   1.0399861e+02
   5.6700000e+02   5.3841316e+01   5.3841316e+01   1.0768263e+02
   5.6800000e+02   5.5764547e+01   5.5764547e+01   1.1152909e+02
   5.6900000e+02   5.7773837e+01   5.7773837e+01   1.1554767e+02
   5.7000000e+02   5.9874382e+01   5.9874382e+01   1.1974876e+02
   5.7100000e+02   6.2071770e+01   6.2071770e+01   1.2414354e+02
   5.7200000e+02   6.4372015e+01   6.4372015e+01   1.2874403e+02
   5.7300000e+02   6.6781592e+01   6.6781592e+01   1.3356318e+02
   5.7400000e+02   6.9307479e+01   6.9307479e+01   1.3861496e+02
   5.7500000e+02   7.1957203e+01   7.1957203e+01   1.4391441e+02
   5.7600000e+02   7.4738888e+01   7.4738888e+01   1.4947778e+02
   5.7700000e+02   7.7661311e+01   7.7661311e+01   1.5532262e+02
   5.7800000e+02   8.0733957e+01   8.0733957e+01   1.6146791e+02
   5.7900000e+02   8.3967087e+01   8.3967087e+01   1.6793417e+02
   5.8000000e+02   8.7371809e+01   8.7371809e+01   1.7474362e+02
   5.8100000e+02   9.0960156e+01   9.0960156e+01   1.8192031e+02
   5.8200000e+02   9.4745167e+01   9.4745167e+01   1.8949033e+02
   5.8300000e+02   9.8740802e+01   9.8740802e+01   1.9748160e+02
   5.8400000e+02   1.0296121e+02   1.0296121e+02   2.0592243e+02
   5.8500000e+02   1.0742135e+02   1.0742135e+02   2.1484270e+02
   5.8600000e+02   1.1213733e+02   1.1213733e+02   2.2427466e+02
   5.8700000e+02   1.1712655e+02   1.1712655e+02   2.3425309e+02
   5.8800000e+02   1.2240777e+02   1.2240777e+02   2.4481553e+02
   5.8900000e+02   1.2800126e+02   1.2800126e+02   2.5600253e+02
   5.9000000e+02   1.3392895e+02   1.3392895e+02   2.6785790e+02
   5.9100000e+02   1.4021450e+02   1.4021450e+02   2.8042901e+02
   5.9200000e+02   1.4688355e+02   1.4688355e+02   2.9376709e+02
   5.9300000e+02   1.5396380e+02   1.5396380e+02   3.0792759e+02
   5.9400000e+02   1.6148527e+02   1.6148527e+02   3.2297054e+02
   5.9500000e+02   1.6948046e+02   1.6948046e+02   3.3896093e+02
   5.9600000e+02   1.7798459e+02   1.7798459e+02   3.5596918e+02
   5.9700000e+02   1.8703579e+02   1.8703579e+02   3.7407159e+02
   5.9800000e+02   1.9667543e+02   1.9667543e+02   3.9335086e+02
   5.9900000e+02   2.0694831e+02   2.0694831e+02   4.1389662e+02
   6.0000000e+02   2.1790302e+02   2.1790302e+02   4.3580604e+02
   6.0100000e+02   2.2959221e+02   2.2959221e+02   4.5918442e+02
   6.0200000e+02   2.4207293e+02   2.4207293e+02   4.8414587e+02
   6.0300000e+02   2.5540698e+02   2.5540698e+02   5.1081397e+02
   6.0400000e+02   2.6966126e+02   2.6966126e+02   5.3932252e+02
   6.0500000e+02   2.8490813e+02   2.8490813e+02   5.6981625e+02
   6.0600000e+02   3.0122579e+02   3.0122579e+02   6.0245158e+02
   6.0700000e+02   3.1869864e+02   3.1869864e+02   6.3739728e+02
   6.0800000e+02   3.3741761e+02   3.3741761e+02   6.7483523e+02
   6.0900000e+02   3.5748049e+02   3.5748049e+02   7.1496097e+02
   6.1000000e+02   3.7899212e+02   3.7899212e+02   7.5798423e+02
   6.1100000e+02   4.0206462e+02   4.0206462e+02   8.0412925e+02
   6.1200000e+02   4.2681741e+02   4.2681741e+02   8.5363482e+02
   6.1300000e+02   4.5337705e+02   4.5337705e+02   9.0675411e+02
   6.1400000e+02   4.8187694e+02   4.8187694e+02   9.6375387e+02
   6.1500000e+02   5.1245662e+02   5.1245662e+02   1.0249132e+03
   6.1600000e+02   5.4526081e+02   5.4526081e+02   1.0905216e+03
   6.1700000e+02   5.8043787e+02   5.8043787e+02   1.1608757e+03
   6.1800000e+02   6.1813780e+02   6.1813780e+02   1.2362756e+03
   6.1900000e+02   6.5850851e+02   6.5850851e+02   1.3170170e+03
   6.2000000e+02   7.0168936e+02   7.0168936e+02   1.4033787e+03
   6.2100000e+02   7.4780423e+02   7.4780423e+02   1.4956085e+03
   6.2200000e+02   7.9695263e+02   7.9695263e+02   1.5939053e+03
   6.2300000e+02   8.4919858e+02   8.4919858e+02   1.6983972e+03
   6.2400000e+02   9.0455696e+02   9.0455696e+02   1.8091139e+03
   6.2500000e+02   9.6297716e+02   9.6297716e+02   1.9259543e+03
   6.2600000e+02   1.0243240e+03   1.0243240e+03   2.0486481e+03
   6.2700000e+02   1.0883568e+03   1.0883568e+03   2.1767135e+03
   6.2800000e+02   1.1547062e+03   1.1547062e+03   2.3094125e+03
   6.2900000e+02   1.2228528e+03   1.2228528e+03   2.4457056e+03
   6.3000000e+02   1.2921065e+03   1.2921065e+03   2.5842131e+03
   6.3100000e+02   1.3615933e+03   1.3615933e+03   2.7231866e+03
   6.3200000e+02   1.4302507e+03   1.4302507e+03   2.8605013e+03
   6.3300000e+02   1.4968378e+03   1.4968378e+03   2.9936755e+03
   6.3400000e+02   1.5599635e+03   1.5599635e+03   3.1199271e+03
   6.3500000e+02   1.6181356e+03   1.6181356e+03   3.2362712e+03
   6.3600000e+02   1.6698306e+03   1.6698306e+03   3.3396612e+03
   6.3700000e+02   1.7135822e+03   1.7135822e+03   3.4271643e+03
   6.3800000e+02   1.7480796e+03   1.7480796e+03   3.4961592e+03
   6.3900000e+02   1.7722664e+03   1.7722664e+03   3.5445328e+03
   6.4000000e+02   1.7854250e+03   1.7854250e+03   3.5708499e+03
   6.4100000e+02   1.7872359e+03   1.7872359e+03   3.5744719e+03
   6.4200000e+02   1.7778021e+03   1.7778021e+03   3.5556041e+03
   6.4300000e+02   1.7576336e+03   1.7576336e+03   3.5152672e+03
   6.4400000e+02   1.7275980e+03   1.7275980e+03   3.4551960e+03
   6.4500000e+02   1.6888422e+03   1.6888422e+03   3.3776844e+03
   6.4600000e+02   1.6426996e+03   1.6426996e+03   3.2853993e+03
   6.4700000e+02   1.5905949e+03   1.5905949e+03   3.1811898e+03
   6.4800000e+02   1.5339562e+03   1.5339562e+03   3.0679124e+03
   6.4900000e+02   1.4741441e+03   1.4741441e+03   2.9482881e+03
   6.5000000e+02   1.4123989e+03   1.4123989e+03   2.8247978e+03
   6.5100000e+02   1.3498086e+03   1.3498086e+03   2.6996171e+03
   6.5200000e+02   1.2872933e+03   1.2872933e+03   2.5745866e+03
   6.5300000e+02   1.2256047e+03   1.2256047e+03   2.4512094e+03
   6.5400000e+02   1.1653343e+03   1.1653343e+03   2.3306687e+03
   6.5500000e+02   1.1069294e+03   1.1069294e+03   2.2138588e+03
   6.5600000e+02   1.0507111e+03   1.0507111e+03   2.1014223e+03
   6.5700000e+02   9.9689445e+02   9.9689445e+02   1.9937889e+03
   6.5800000e+02   9.4560697e+02   9.4560697e+02   1.8912139e+03
   6.5900000e+02   8.9690655e+02   8.9690655e+02   1.7938131e+03
   6.6000000e+02   8.5079697e+02   8.5079697e+02   1.7015939e+03
   6.6100000e+02   8.0724742e+02   8.0724742e+02   1.6144948e+03
   6.6200000e+02   7.6620030e+02   7.6620030e+02   1.5324006e+03
   6.6300000e+02   7.2757285e+02   7.2757285e+02   1.4551457e+03
   6.6400000e+02   6.9126493e+02   6.9126493e+02   1.3825299e+03
   6.6500000e+02   6.5716550e+02   6.5716550e+02   1.3143310e+03
   6.6600000e+02   6.2515748e+02   6.2515748e+02   1.2503150e+03
   6.6700000e+02   5.9512157e+02   5.9512157e+02   1.1902431e+03
   6.6800000e+02   5.6693899e+02   5.6693899e+02   1.1338780e+03
   6.6900000e+02   5.4049351e+02   5.4049351e+02   1.0809870e+03
   6.7000000e+02   5.1567281e+02   5.1567281e+02   1.0313456e+03
   6.7100000e+02   4.9236948e+02   4.9236948e+02   9.8473895e+02
   6.7200000e+02   4.7048150e+02   4.7048150e+02   9.4096300e+02
   6.7300000e+02   4.4991264e+02   4.4991264e+02   8.9982528e+02
   6.7400000e+02   4.3057249e+02   4.3057249e+02   8.6114498e+02
   6.7500000e+02   4.1237647e+02   4.1237647e+02   8.2475295e+02
   6.7600000e+02   3.9524567e+02   3.9524567e+02   7.9049135e+02
   6.7700000e+02   3.7910664e+02   3.7910664e+02   7.5821329e+02
   6.7800000e+02   3.6389113e+02   3.6389113e+02   7.2778227e+02
   6.7900000e+02   3.4953583e+02   3.4953583e+02   6.9907165e+02
   6.8000000e+02   3.3598203e+02   3.3598203e+02   6.7196406e+02
   6.8100000e+02   3.2317538e+02   3.2317538e+02   6.4635076e+02
   6.8200000e+02   3.1106555e+02   3.1106555e+02   6.2213111e+02
   6.8300000e+02   2.9960597e+02   2.9960597e+02   5.9921194e+02
   6.8400000e+02   2.8875353e+02   2.8875353e+02   5.7750706e+02
   6.8500000e+02   2.7846834e+02   2.7846834e+02   5.5693669e+02
   6.8600000e+02   2.6871349e+02   2.6871349e+02   5.3742698e+02
   6.8700000e+02   2.5945479e+02   2.5945479e+02   5.1890959e+02
   6.8800000e+02   2.5066060e+02   2.5066060e+02   5.0132119e+02
   6.8900000e+02   2.4230158e+02   2.4230158e+02   4.8460316e+02
   6.9000000e+02   2.3435056e+02   2.3435056e+02   4.6870111e+02
   6.9100000e+02   2.2678232e+02   2.2678232e+02   4.5356464e+02
   6.9200000e+02   2.1957349e+02   2.1957349e+02   4.3914698e+02
   6.9300000e+02   2.1270234e+02   2.1270234e+02   4.2540469e+02
   6.9400000e+02   2.0614871e+02   2.0614871e+02   4.1229742e+02
   6.9500000e+02   1.9989384e+02   1.9989384e+02   3.9978768e+02
   6.9600000e+02   1.9392029e+02   1.9392029e+02   3.8784059e+02
   6.9700000e+02   1.8821183e+02   1.8821183e+02   3.7642366e+02
   6.9800000e+02   1.8275333e+02   1.8275333e+02   3.6550666e+02
   6.9900000e+02   1.7753070e+02   1.7753070e+02   3.5506140e+02
   7.0000000e+02   1.7253079e+02   1.7253079e+02   3.4506158e+02
   7.0100000e+02   1.6774133e+02   1.6774133e+02   3.3548266e+02
   7.0200000e+02   1.6315086e+02   1.6315086e+02   3.2630173e+02
   7.0300000e+02   1.5874867e+02   1.5874867e+02   3.1749735e+02
   7.0400000e+02   1.5452474e+02   1.5452474e+02   3.0904949e+02
   7.0500000e+02   1.5046969e+02   1.5046969e+02   3.0093939e+02
   7.0600000e+02   1.4657464e+02   1.4657464e+02   2.9314928e+02
   7.0700000e+02   1.4283121e+02   1.4283121e+02   2.8566242e+02
   7.0800000e+02   1.3923155e+02   1.3923155e+02   2.7846310e+02
   7.0900000e+02   1.3576832e+02   1.3576832e+02   2.7153664e+02
   7.1000000e+02   1.3243463e+02   1.3243463e+02   2.6486926e+02
   7.1100000e+02   1.2922404e+02   1.2922404e+02   2.5844808e+02
   7.1200000e+02   1.2613048e+02   1.2613048e+02   2.5226096e+02
   7.1300000e+02   1.2314827e+02   1.2314827e+02   2.4629653e+02
   7.1400000e+02   1.2027205e+02   1.2027205e+02   2.4054410e+02
   7.1500000e+02   1.1749680e+02   1.1749680e+02   2.3499360e+02
   7.1600000e+02   1.1481779e+02   1.1481779e+02   2.2963557e+02
   7.1700000e+02   1.1223055e+02   1.1223055e+02   2.2446109e+02
   7.1800000e+02   1.0973088e+02   1.0973088e+02   2.1946175e+02
   7.1900000e+02   1.0731481e+02   1.0731481e+02   2.1462962e+02
   7.2000000e+02   1.0497860e+02   1.0497860e+02   2.0995721e+02
   7.2100000e+02   1.0271873e+02   1.0271873e+02   2.0543745e+02
   7.2200000e+02   1.0053183e+02   1.0053183e+02   2.0106367e+02
   7.2300000e+02   9.8414767e+01   9.8414767e+01   1.9682953e+02
   7.2400000e+02   9.6364538e+01   9.6364538e+01   1.9272908e+02
   7.2500000e+02   9.4378315e+01   9.4378315e+01   1.8875663e+02
   7.2600000e+02   9.2453418e+01   9.2453418e+01   1.8490684e+02
   7.2700000e+02   9.0587304e+01   9.0587304e+01   1.8117461e+02
   7.2800000e+02   8.8777562e+01   8.8777562e+01   1.7755512e+02
   7.2900000e+02   8.7021905e+01   8.7021905e+01   1.7404381e+02
   7.3000000e+02   8.5318160e+01   8.5318160e+01   1.7063632e+02
   7.3100000e+02   8.3664265e+01   8.3664265e+01   1.6732853e+02
   7.3200000e+02   8.2058257e+01   8.2058257e+01   1.6411651e+02
   7.3300000e+02   8.0498272e+01   8.0498272e+01   1.6099654e+02
   7.3400000e+02   7.8982535e+01   7.8982535e+01   1.5796507e+02
   7.3500000e+02   7.7509357e+01   7.7509357e+01   1.5501871e+02
   7.3600000e+02   7.6077129e+01   7.6077129e+01   1.5215426e+02
   7.3700000e+02   7.4684318e+01   7.4684318e+01   1.4936864e+02
   7.3800000e+02   7.3329463e+01   7.3329463e+01   1.4665893e+02
   7.3900000e+02   7.2011171e+01   7.2011171e+01   1.4402234e+02
   7.4000000e+02   7.0728111e+01   7.0728111e+01   1.4145622e+02
   7.4100000e+02   6.9479015e+01   6.9479015e+01   1.3895803e+02
   7.4200000e+02   6.8262670e+01   6.8262670e+01   1.3652534e+02
   7.4300000e+02   6.7077919e+01   6.7077919e+01   1.3415584e+02
   7.4400000e+02   6.5923654e+01   6.5923654e+01   1.3184731e+02
   7.4500000e+02   6.4798818e+01   6.4798818e+01   1.2959764e+02
   7.4600000e+02   6.3702398e+01   6.3702398e+01   1.2740480e+02
   7.4700000e+02   6.2633426e+01   6.2633426e+01   1.2526685e+02
   7.4800000e+02   6.1590974e+01   6.1590974e+01   1.2318195e+02
   7.4900000e+02   6.0574154e+01   6.0574154e+01   1.2114831e+02
   7.5000000e+02   5.9582116e+01   5.9582116e+01   1.1916423e+02
   7.5100000e+02   5.8614044e+01   5.8614044e+01   1.1722809e+02
   7.5200000e+02   5.7669156e+01   5.7669156e+01   1.1533831e+02
   7.5300000e+02   5.6746702e+01   5.6746702e+01   1.1349340e+02
   7.5400000e+02   5.5845963e+01   5.5845963e+01   1.1169193e+02
   7.5500000e+02   5.4966249e+01   5.4966249e+01   1.0993250e+02
   7.5600000e+02   5.4106897e+01   5.4106897e+01   1.0821379e+02
   7.5700000e+02   5.3267272e+01   5.3267272e+01   1.0653454e+02
   7.5800000e+02   5.2446770e+01   5.2446770e+01   1.0489354e+02
   7.5900000e+02   5.1644811e+01   5.1644811e+01   1.0328962e+02
   7.6000000e+02   5.0860838e+01   5.0860838e+01   1.0172168e+02
   7.6100000e+02   5.0094315e+01   5.0094315e+01   1.0018863e+02
   7.6200000e+02   4.9344724e+01   4.9344724e+01   9.8689448e+01
   7.6300000e+02   4.8611567e+01   4.8611567e+01   9.7223134e+01
   7.6400000e+02   4.7894365e+01   4.7894365e+01   9.5788731e+01
   7.6500000e+02   4.7192656e+01   4.7192656e+01   9.4385313e+01
   7.6600000e+02   4.6505994e+01   4.6505994e+01   9.3011988e+01
   7.6700000e+02   4.5833949e+01   4.5833949e+01   9.1667897e+01
   7.6800000e+02   4.5176106e+01   4.5176106e+01   9.0352213e+01
   7.6900000e+02   4.4532067e+01   4.4532067e+01   8.9064133e+01
   7.7000000e+02   4.3901444e+01   4.3901444e+01   8.7802888e+01
   7.7100000e+02   4.3283866e+01   4.3283866e+01   8.6567732e+01
   7.7200000e+02   4.2678973e+01   4.2678973e+01   8.5357947e+01
   7.7300000e+02   4.2086418e+01   4.2086418e+01   8.4172837e+01
   7.7400000e+02   4.1505866e+01   4.1505866e+01   8.3011732e+01
   7.7500000e+02   4.0936992e+01   4.0936992e+01   8.1873983e+01
   7.7600000e+02   4.0379483e+01   4.0379483e+01   8.0758966e+01
   7.7700000e+02   3.9833037e+01   3.9833037e+01   7.9666074e+01
   7.7800000e+02   3.9297361e+01   3.9297361e+01   7.8594721e+01
   7.7900000e+02   3.8772172e+01   3.8772172e+01   7.7544343e+01
   7.8000000e+02   3.8257196e+01   3.8257196e+01   7.6514392e+01
   7.8100000e+02   3.7752169e+01   3.7752169e+01   7.5504337e+01
   7.8200000e+02   3.7256834e+01   3.7256834e+01   7.4513667e+01
   7.8300000e+02   3.6770943e+01   3.6770943e+01   7.3541886e+01
   7.8400000e+02   3.6294256e+01   3.6294256e+01   7.2588513e+01
   7.8500000e+02   3.5826542e+01   3.5826542e+01   7.1653083e+01
   7.8600000e+02   3.5367573e+01   3.5367573e+01   7.0735147e+01
   7.8700000e+02   3.4917134e+01   3.4917134e+01   6.9834267e+01
   7.8800000e+02   3.4475011e+01   3.4475011e+01   6.8950022e+01
   7.8900000e+02   3.4041001e+01   3.4041001e+01   6.8082001e+01
   7.9000000e+02   3.3614904e+01   3.3614904e+01   6.7229809e+01
   7.9100000e+02   3.3196530e+01   3.3196530e+01   6.6393059e+01
   7.9200000e+02   3.2785690e+01   3.2785690e+01   6.5571379e+01
   7.9300000e+02   3.2382204e+01   3.2382204e+01   6.4764407e+01
   7.9400000e+02   3.1985896e+01   3.1985896e+01   6.3971792e+01
   7.9500000e+02   3.1596597e+01   3.1596597e+01   6.3193194e+01
   7.9600000e+02   3.1214140e+01   3.1214140e+01   6.2428281e+01
   7.9700000e+02   3.0838367e+01   3.0838367e+01   6.1676733e+01
   7.9800000e+02   3.0469120e+01   3.0469120e+01   6.0938240e+01
   7.9900000e+02   3.0106249e+01   3.0106249e+01   6.0212498e+01
   8.0000000e+02   2.9749607e+01   2.9749607e+01   5.9499214e+01
   8.0100000e+02   2.9399051e+01   2.9399051e+01   5.8798102e+01
   8.0200000e+02   2.9054444e+01   2.9054444e+01   5.8108887e+01
   8.0300000e+02   2.8715650e+01   2.8715650e+01   5.7431299e+01
   8.0400000e+02   2.8382539e+01   2.8382539e+01   5.6765077e+01
   8.0500000e+02   2.8054983e+01   2.8054983e+01   5.6109966e+01
   8.0600000e+02   2.7732860e+01   2.7732860e+01   5.5465720e+01
   8.0700000e+02   2.7416049e+01   2.7416049e+01   5.4832098e+01
   8.0800000e+02   2.7104434e+01   2.7104434e+01   5.4208867e+01
   8.0900000e+02   2.6797900e+01   2.6797900e+01   5.3595800e+01
   8.1000000e+02   2.6496338e+01   2.6496338e+01   5.2992676e+01
   8.1100000e+02   2.6199640e+01   2.6199640e+01   5.2399280e+01
   8.1200000e+02   2.5907702e+01   2.5907702e+01   5.1815403e+01
   8.1300000e+02   2.5620421e+01   2.5620421e+01   5.1240842e+01
   8.1400000e+02   2.5337700e+01   2.5337700e+01   5.0675399e+01
   8.1500000e+02   2.5059440e+01   2.5059440e+01   5.0118881e+01
   8.1600000e+02   2.4785550e+01   2.4785550e+01   4.9571100e+01
   8.1700000e+02   2.4515937e+01   2.4515937e+01   4.9031874e+01
   8.1800000e+02   2.4250512e+01   2.4250512e+01   4.8501025e+01
   8.1900000e+02   2.3989190e+01   2.3989190e+01   4.7978379e+01
   8.2000000e+02   2.3731884e+01   2.3731884e+01   4.7463768e+01
   8.2100000e+02   2.3478514e+01   2.3478514e+01   4.6957028e+01
   8.2200000e+02   2.3228999e+01   2.3228999e+01   4.6457998e+01
   8.2300000e+02   2.2983265e+01   2.2983265e+01   4.5966529e+01
   8.2400000e+02   2.2741238e+01   2.2741238e+01   4.5482477e+01
   8.2500000e+02   2.2502849e+01   2.2502849e+01   4.5005698e+01
   8.2600000e+02   2.2268028e+01   2.2268028e+01   4.4536055e+01
   8.2700000e+02   2.2036706e+01   2.2036706e+01   4.4073413e+01
   8.2800000e+02   2.1808820e+01   2.1808820e+01   4.3617639e+01
   8.2900000e+02   2.1584302e+01   2.1584302e+01   4.3168604e+01
   8.3000000e+02   2.1363091e+01   2.1363091e+01   4.2726182e+01
   8.3100000e+02   2.1145125e+01   2.1145125e+01   4.2290249e+01
   8.3200000e+02   2.0930343e+01   2.0930343e+01   4.1860685e+01
   8.3300000e+02   2.0718686e+01   2.0718686e+01   4.1437372e+01
   8.3400000e+02   2.0510097e+01   2.0510097e+01   4.1020194e+01
   8.3500000e+02   2.0304519e+01   2.0304519e+01   4.0609039e+01
   8.3600000e+02   2.0101898e+01   2.0101898e+01   4.0203796e+01
   8.3700000e+02   1.9902178e+01   1.9902178e+01   3.9804357e+01
   8.3800000e+02   1.9705308e+01   1.9705308e+01   3.9410617e+01
   8.3900000e+02   1.9511236e+01   1.9511236e+01   3.9022472e+01
   8.4000000e+02   1.9319911e+01   1.9319911e+01   3.8639822e+01
   8.4100000e+02   1.9131284e+01   1.9131284e+01   3.8262568e+01
   8.4200000e+02   1.8945307e+01   1.8945307e+01   3.7890613e+01
   8.4300000e+02   1.8761932e+01   1.8761932e+01   3.7523863e+01
   8.4400000e+02   1.8581112e+01   1.8581112e+01   3.7162225e+01
   8.4500000e+02   1.8402804e+01   1.8402804e+01   3.6805608e+01
   8.4600000e+02   1.8226962e+01   1.8226962e+01   3.6453924e+01
   8.4700000e+02   1.8053543e+01   1.8053543e+01   3.6107087e+01
   8.4800000e+02   1.7882505e+01   1.7882505e+01   3.5765010e+01
   8.4900000e+02   1.7713806e+01   1.7713806e+01   3.5427612e+01
   8.5000000e+02   1.7547405e+01   1.7547405e+01   3.5094810e+01
   8.5100000e+02   1.7383263e+01   1.7383263e+01   3.4766526e+01
   8.5200000e+02   1.7221340e+01   1.7221340e+01   3.4442680e+01
   8.5300000e+02   1.7061599e+01   1.7061599e+01   3.4123197e+01
   8.5400000e+02   1.6904001e+01   1.6904001e+01   3.3808002e+01
   8.5500000e+02   1.6748511e+01   1.6748511e+01   3.3497022e+01
   8.5600000e+02   1.6595092e+01   1.6595092e+01   3.3190184e+01
   8.5700000e+02   1.6443709e+01   1.6443709e+01   3.2887419e+01
   8.5800000e+02   1.6294329e+01   1.6294329e+01   3.2588658e+01
   8.5900000e+02   1.6146916e+01   1.6146916e+01   3.2293832e+01
   8.6000000e+02   1.6001439e+01   1.6001439e+01   3.2002877e+01
   8.6100000e+02   1.5857864e+01   1.5857864e+01   3.1715728e+01
   8.6200000e+02   1.5716160e+01   1.5716160e+01   3.1432320e+01
   8.6300000e+02   1.5576296e+01   1.5576296e+01   3.1152592e+01
   8.6400000e+02   1.5438242e+01   1.5438242e+01   3.0876483e+01
   8.6500000e+02   1.5301967e+01   1.5301967e+01   3.0603933e+01
   8.6600000e+02   1.5167442e+01   1.5167442e+01   3.0334884e+01
   8.6700000e+02   1.5034639e+01   1.5034639e+01   3.0069279e+01
   8.6800000e+02   1.4903530e+01   1.4903530e+01   2.9807060e+01
   8.6900000e+02   1.4774087e+01   1.4774087e+01   2.9548173e+01
   8.7000000e+02   1.4646282e+01   1.4646282e+01   2.9292565e+01
   8.7100000e+02   1.4520090e+01   1.4520090e+01   2.9040181e+01
   8.7200000e+02   1.4395485e+01   1.4395485e+01   2.8790970e+01
   8.7300000e+02   1.4272441e+01   1.4272441e+01   2.8544881e+01
   8.7400000e+02   1.4150932e+01   1.4150932e+01   2.8301865e+01
   8.7500000e+02   1.4030936e+01   1.4030936e+01   2.8061871e+01
   8.7600000e+02   1.3912427e+01   1.3912427e+01   2.7824853e+01
   8.7700000e+02   1.3795381e+01   1.3795381e+01   2.7590763e+01
   8.7800000e+02   1.3679777e+01   1.3679777e+01   2.7359554e+01
   8.7900000e+02   1.3565591e+01   1.3565591e+01   2.7131182e+01
   8.8000000e+02   1.3452801e+01   1.3452801e+01   2.6905602e+01
   8.8100000e+02   1.3341385e+01   1.3341385e+01   2.6682770e+01
   8.8200000e+02   1.3231322e+01   1.3231322e+01   2.6462643e+01
   8.8300000e+02   1.3122590e+01   1.3122590e+01   2.6245180e+01
   8.8400000e+02   1.3015170e+01   1.3015170e+01   2.6030339e+01
   8.8500000e+02   1.2909040e+01   1.2909040e+01   2.5818080e+01
   8.8600000e+02   1.2804182e+01   1.2804182e+01   2.5608363e+01
   8.8700000e+02   1.2700575e+01   1.2700575e+01   2.5401150e+01
   8.8800000e+02   1.2598200e+01   1.2598200e+01   2.5196401e+01
   8.8900000e+02   1.2497040e+01   1.2497040e+01   2.4994079e+01
   8.9000000e+02   1.2397074e+01   1.2397074e+01   2.4794148e+01
   8.9100000e+02   1.2298285e+01   1.2298285e+01   2.4596571e+01
   8.9200000e+02   1.2200656e+01   1.2200656e+01   2.4401313e+01
   8.9300000e+02   1.2104169e+01   1.2104169e+01   2.4208338e+01
   8.9400000e+02   1.2008804e+01   1.2008804e+01   2.4017608e+01
   8.9500000e+02   1.1914543e+01   1.1914543e+01   2.3829086e+01
   8.9600000e+02   1.1821367e+01   1.1821367e+01   2.3642735e+01
   8.9700000e+02   1.1729259e+01   1.1729259e+01   2.3458518e+01
   8.9800000e+02   1.1638200e+01   1.1638200e+01   2.3276400e+01
   8.9900000e+02   1.1548173e+01   1.1548173e+01   2.3096347e+01
   9.0000000e+02   1.1459162e+01   1.1459162e+01   2.2918325e+01
   9.0100000e+02   1.1371150e+01   1.1371150e+01   2.2742300e+01
   9.0200000e+02   1.1284121e+01   1.1284121e+01   2.2568241e+01
   9.0300000e+02   1.1198058e+01   1.1198058e+01   2.2396116e+01
   9.0400000e+02   1.1112947e+01   1.1112947e+01   2.2225894e+01
   9.0500000e+02   1.1028772e+01   1.1028772e+01   2.2057544e+01
   9.0600000e+02   1.0945518e+01   1.0945518e+01   2.1891037e+01
   9.0700000e+02   1.0863172e+01   1.0863172e+01   2.1726343e+01
   9.0800000e+02   1.0781717e+01   1.0781717e+01   2.1563435e+01
   9.0900000e+02   1.0701142e+01   1.0701142e+01   2.1402284e+01
   9.1000000e+02   1.0621431e+01   1.0621431e+01   2.1242863e+01
   9.1100000e+02   1.0542573e+01   1.0542573e+01   2.1085145e+01
   9.1200000e+02   1.0464552e+01   1.0464552e+01   2.0929104e+01
   9.1300000e+02   1.0387357e+01   1.0387357e+01   2.0774715e+01
   9.1400000e+02   1.0310976e+01   1.0310976e+01   2.0621952e+01
   9.1500000e+02   1.0235395e+01   1.0235395e+01   2.0470790e+01
   9.1600000e+02   1.0160603e+01   1.0160603e+01   2.0321206e+01
   9.1700000e+02   1.0086587e+01   1.0086587e+01   2.0173175e+01
   9.1800000e+02   1.0013337e+01   1.0013337e+01   2.0026675e+01
   9.1900000e+02   9.9408412e+00   9.9408412e+00   1.9881682e+01
   9.2000000e+02   9.8690878e+00   9.8690878e+00   1.9738176e+01
   9.2100000e+02   9.7980662e+00   9.7980662e+00   1.9596132e+01
   9.2200000e+02   9.7277656e+00   9.7277656e+00   1.9455531e+01
   9.2300000e+02   9.6581757e+00   9.6581757e+00   1.9316351e+01
   9.2400000e+02   9.5892860e+00   9.5892860e+00   1.9178572e+01
   9.2500000e+02   9.5210865e+00   9.5210865e+00   1.9042173e+01
   9.2600000e+02   9.4535672e+00   9.4535672e+00   1.8907134e+01
   9.2700000e+02   9.3867185e+00   9.3867185e+00   1.8773437e+01
   9.2800000e+02   9.3205308e+00   9.3205308e+00   1.8641062e+01
   9.2900000e+02   9.2549948e+00   9.2549948e+00   1.8509990e+01
   9.3000000e+02   9.1901012e+00   9.1901012e+00   1.8380202e+01
   9.3100000e+02   9.1258411e+00   9.1258411e+00   1.8251682e+01
   9.3200000e+02   9.0622056e+00   9.0622056e+00   1.8124411e+01
   9.3300000e+02   8.9991860e+00   8.9991860e+00   1.7998372e+01
   9.3400000e+02   8.9367739e+00   8.9367739e+00   1.7873548e+01
   9.3500000e+02   8.8749608e+00   8.8749608e+00   1.7749922e+01
   9.3600000e+02   8.8137386e+00   8.8137386e+00   1.7627477e+01
   9.3700000e+02   8.7530993e+00   8.7530993e+00   1.7506199e+01
   9.3800000e+02   8.6930348e+00   8.6930348e+00   1.7386070e+01
   9.3900000e+02   8.6335375e+00   8.6335375e+00   1.7267075e+01
   9.4000000e+02   8.5745996e+00   8.5745996e+00   1.7149199e+01
   9.4100000e+02   8.5162139e+00   8.5162139e+00   1.7032428e+01
   9.4200000e+02   8.4583728e+00   8.4583728e+00   1.6916746e+01
   9.4300000e+02   8.4010691e+00   8.4010691e+00   1.6802138e+01
   9.4400000e+02   8.3442959e+00   8.3442959e+00   1.6688592e+01
   9.4500000e+02   8.2880460e+00   8.2880460e+00   1.6576092e+01
   9.4600000e+02   8.2323127e+00   8.2323127e+00   1.6464625e+01
   9.4700000e+02   8.1770892e+00   8.1770892e+00   1.6354178e+01
   9.4800000e+02   8.1223689e+00   8.1223689e+00   1.6244738e+01
   9.4900000e+02   8.0681454e+00   8.0681454e+00   1.6136291e+01
   9.5000000e+02   8.0144122e+00   8.0144122e+00   1.6028824e+01
   9.5100000e+02   7.9611631e+00   7.9611631e+00   1.5922326e+01
   9.5200000e+02   7.9083919e+00   7.9083919e+00   1.5816784e+01
   9.5300000e+02   7.8560926e+00   7.8560926e+00   1.5712185e+01
   9.5400000e+02   7.8042591e+00   7.8042591e+00   1.5608518e+01
   9.5500000e+02   7.7528858e+00   7.7528858e+00   1.5505772e+01
   9.5600000e+02   7.7019667e+00   7.7019667e+00   1.5403933e+01
   9.5700000e+02   7.6514963e+00   7.6514963e+00   1.5302993e+01
   9.5800000e+02   7.6014690e+00   7.6014690e+00   1.5202938e+01
   9.5900000e+02   7.5518793e+00   7.5518793e+00   1.5103759e+01
   9.6000000e+02   7.5027218e+00   7.5027218e+00   1.5005444e+01
   9.6100000e+02   7.4539912e+00   7.4539912e+00   1.4907982e+01
   9.6200000e+02   7.4056825e+00   7.4056825e+00   1.4811365e+01
   9.6300000e+02   7.3577903e+00   7.3577903e+00   1.4715581e+01
   9.6400000e+02   7.3103098e+00   7.3103098e+00   1.4620620e+01
   9.6500000e+02   7.2632359e+00   7.2632359e+00   1.4526472e+01
   9.6600000e+02   7.2165637e+00   7.2165637e+00   1.4433127e+01
   9.6700000e+02   7.1702886e+00   7.1702886e+00   1.4340577e+01
   9.6800000e+02   7.1244057e+00   7.1244057e+00   1.4248811e+01
   9.6900000e+02   7.0789105e+00   7.0789105e+00   1.4157821e+01
   9.7000000e+02   7.0337984e+00   7.0337984e+00   1.4067597e+01
   9.7100000e+02   6.9890648e+00   6.9890648e+00   1.3978130e+01
   9.7200000e+02   6.9447054e+00   6.9447054e+00   1.3889411e+01
   9.7300000e+02   6.9007158e+00   6.9007158e+00   1.3801432e+01
   9.7400000e+02   6.8570918e+00   6.8570918e+00   1.3714184e+01
   9.7500000e+02   6.8138290e+00   6.8138290e+00   1.3627658e+01
   9.7600000e+02   6.7709234e+00   6.7709234e+00   1.3541847e+01
   9.7700000e+02   6.7283710e+00   6.7283710e+00   1.3456742e+01
   9.7800000e+02   6.6861675e+00   6.6861675e+00   1.3372335e+01
   9.7900000e+02   6.6443092e+00   6.6443092e+00   1.3288618e+01
   9.8000000e+02   6.6027921e+00   6.6027921e+00   1.3205584e+01
   9.8100000e+02   6.5616123e+00   6.5616123e+00   1.3123225e+01
   9.8200000e+02   6.5207662e+00   6.5207662e+00   1.3041532e+01
   9.8300000e+02   6.4802499e+00   6.4802499e+00   1.2960500e+01
   9.8400000e+02   6.4400598e+00   6.4400598e+00   1.2880120e+01
   9.8500000e+02   6.4001924e+00   6.4001924e+00   1.2800385e+01
   9.8600000e+02   6.3606445e+00   6.3606445e+00   1.2721289e+01
   9.8700000e+02   6.3214131e+00   6.3214131e+00   1.2642826e+01
   9.8800000e+02   6.2824952e+00   6.2824952e+00   1.2564990e+01
   9.8900000e+02   6.2438879e+00   6.2438879e+00   1.2487776e+01
   9.9000000e+02   6.2055881e+00   6.2055881e+00   1.2411176e+01
   9.9100000e+02   6.1675931e+00   6.1675931e+00   1.2335186e+01
   9.9200000e+02   6.1299000e+00   6.1299000e+00   1.2259800e+01
   9.9300000e+02   6.0925058e+00   6.0925058e+00   1.2185012e+01
   9.9400000e+02   6.0554078e+00   6.0554078e+00   1.2110816e+01
   9.9500000e+02   6.0186032e+00   6.0186032e+00   1.2037206e+01
   9.9600000e+02   5.9820893e+00   5.9820893e+00   1.1964179e+01
   9.9700000e+02   5.9458632e+00   5.9458632e+00   1.1891726e+01
   9.9800000e+02   5.9099224e+00   5.9099224e+00   1.1819845e+01
   9.9900000e+02   5.8742642e+00   5.8742642e+00   1.1748528e+01
   1.0000000e+03   5.8388859e+00   5.8388859e+00   1.1677772e+01
